time,job_id,num_gpu,submit_time,start_time,end_time,ddl,executed_time,JCT,pending_time,preempt,promote,best_effort_job
1044,1,1,129,240,1044,926,804,915,111,0,0,0
4863,3,1,3120,3120,4863,4003,1743,1743,0,0,0,0
5041,5,1,4001,4001,5041,4609,1040,1040,0,0,0,0
6877,6,1,4538,4538,6877,7339,2339,2339,0,0,0,0
7765,10,16,7001,7094,7765,7816,671,764,93,0,0,0
8483,4,1,3385,3600,8483,9669,4883,5098,215,0,0,0
8613,9,1,6975,7094,8613,8541,1519,1638,119,0,0,0
10529,11,1,8627,8723,10529,9223372036854775807,1806,1902,96,0,0,1
11243,14,1,10432,10588,11243,11408,655,811,156,0,0,0
11928,15,1,10962,10962,11928,12360,966,966,0,0,0,0
13540,17,4,12347,12408,13540,9223372036854775807,1132,1193,61,0,0,1
14750,13,1,10430,10588,14750,14798,4162,4320,158,0,0,0
22328,12,2,9137,9266,22328,9223372036854775807,13062,13191,129,0,0,1
24130,7,2,5487,5487,24130,18059,18643,18643,0,0,0,0
24399,32,1,23326,23331,24399,24195,1068,1073,5,0,0,0
24532,24,1,20751,20781,24532,9223372036854775807,3751,3781,30,0,0,1
24942,31,8,23090,23091,24942,9223372036854775807,1851,1852,1,0,0,1
26076,30,1,22851,22851,26076,9223372036854775807,3225,3225,0,0,0,1
26469,20,1,17075,17287,26469,22844,9182,9394,212,0,0,0
27638,23,1,20319,20541,27638,24912,7097,7319,222,0,0,0
28126,36,4,24430,24531,28126,29306,3595,3696,101,0,0,0
28030,38,1,26797,26797,28030,27907,1233,1233,0,0,0,0
28813,40,8,27908,28025,28813,28329,788,905,117,0,0,0
30641,37,1,26066,26066,30641,30129,4575,4575,0,0,0,0
30792,19,1,17047,17047,30792,30412,13745,13745,0,0,0,0
31059,16,1,12113,12168,31059,9223372036854775807,18891,18946,55,0,0,1
32112,26,4,21464,21501,32112,30685,10611,10648,37,0,0,0
34164,27,1,21491,21501,34164,31219,12663,12673,10,0,0,0
35058,21,1,17098,17287,35058,9223372036854775807,17771,17960,189,0,0,1
35065,43,1,34201,34326,35065,9223372036854775807,739,864,125,0,0,1
35660,25,1,20971,21021,35660,9223372036854775807,14639,14689,50,0,0,1
36110,44,1,34566,34566,36110,36667,1544,1544,0,0,0,0
36851,29,4,22235,22434,36851,36206,14417,14616,199,0,0,0
40482,46,1,36834,36834,40482,40657,3648,3648,0,0,0,0
42903,39,1,27722,27785,42903,9223372036854775807,15118,15181,63,0,0,1
44635,50,1,42401,42534,44635,9223372036854775807,2101,2234,133,0,0,1
48192,45,1,35716,35846,48192,51404,12346,12476,130,0,0,0
48678,49,8,41402,41530,48678,50219,7148,7276,128,0,0,0
48719,54,1,47135,47264,48719,49138,1455,1584,129,0,0,0
48911,51,8,42726,42774,48911,51270,6137,6185,48,0,0,0
49515,57,8,48601,48809,49515,9223372036854775807,706,914,208,0,0,1
50911,22,1,17800,17800,50911,55698,33111,33111,0,0,0,0
52261,59,1,50288,50288,52261,52589,1973,1973,0,0,0,0
52384,48,1,39808,39820,52384,53909,12564,12576,12,0,0,0
52915,53,16,45451,45451,52915,49521,7464,7464,0,0,0,0
52935,61,1,50940,51009,52935,52493,1926,1995,69,0,0,0
54488,62,2,51657,51657,54488,55070,2831,2831,0,0,0,0
55114,56,4,48569,48569,55114,53283,6545,6545,0,0,0,0
56056,66,2,54702,54743,56056,56371,1313,1354,41,0,0,0
57261,67,8,55341,55463,57261,56827,1798,1920,122,0,0,0
58568,60,1,50769,50769,58568,58539,7799,7799,0,0,0,0
59405,71,1,58415,58415,59405,59182,990,990,0,0,0,0
59519,68,1,56698,56698,59519,59250,2821,2821,0,0,0,0
59747,52,2,43524,43524,59747,66290,16223,16223,0,0,0,0
60316,70,1,57810,57981,60316,61032,2335,2506,171,0,0,0
60481,63,1,52749,52749,60481,9223372036854775807,7732,7732,0,0,0,1
61216,73,1,58482,58655,61216,9223372036854775807,2561,2734,173,0,0,1
63774,74,4,59576,59645,63774,9223372036854775807,4129,4198,69,0,0,1
63986,75,1,63253,63253,63986,63763,733,733,0,0,0,0
65304,76,1,64063,64254,65304,64596,1050,1241,191,0,0,0
69896,77,1,64513,64513,69896,69448,5383,5383,0,0,0,0
70839,42,1,34086,34086,70839,66179,36753,36753,0,0,0,0
71477,33,1,23548,23571,71477,90112,47906,47929,23,0,0,0
71833,80,4,68928,69038,71833,71565,2795,2905,110,0,0,0
74189,83,16,72722,72722,74189,73462,1467,1467,0,0,0,0
74320,85,1,73609,73638,74320,9223372036854775807,682,711,29,0,0,1
74964,81,8,70253,70331,74964,9223372036854775807,4633,4711,78,0,0,1
76659,84,1,72960,72962,76659,77881,3697,3699,2,0,0,0
77340,86,1,76351,76456,77340,77380,884,989,105,0,0,0
78509,87,1,77127,77127,78509,78144,1382,1382,0,0,0,0
78808,88,1,77680,77680,78808,78484,1128,1128,0,0,0,0
79237,89,1,77962,77962,79237,79213,1275,1275,0,0,0,0
79565,34,1,24102,24291,79565,57978,55274,55463,189,0,0,0
80418,55,1,47769,47769,80418,66798,32649,32649,0,0,0,0
80498,82,1,70951,70978,80498,9223372036854775807,9520,9547,27,0,0,1
81068,58,8,48851,49049,81068,67496,32019,32217,198,0,0,0
81736,90,1,78677,78749,81736,81050,2987,3059,72,0,0,0
82677,78,1,64681,64753,82677,74434,17924,17996,72,0,0,0
83541,47,1,39314,39340,83541,98606,44201,44227,26,0,0,0
86980,69,1,57360,57501,86980,9223372036854775807,29479,29620,141,0,0,1
87020,91,1,81511,81511,87020,88685,5509,5509,0,0,0,0
87122,95,8,86396,86396,87122,87444,726,726,0,0,0,0
87954,94,1,84440,84440,87954,86866,3514,3514,0,0,0,0
90005,97,1,89101,89172,90005,90077,833,904,71,0,0,0
91299,96,8,87610,87610,91299,90483,3689,3689,0,0,0,0
92635,100,1,91000,91000,92635,92085,1635,1635,0,0,0,0
95377,103,1,93648,93648,95377,94628,1729,1729,0,0,0,0
95495,92,1,81517,81751,95495,96446,13744,13978,234,0,0,0
97391,105,1,94481,94535,97391,9223372036854775807,2856,2910,54,0,0,1
97463,108,1,95857,95857,97463,9223372036854775807,1606,1606,0,0,0,1
98326,106,1,95078,95078,98326,9223372036854775807,3248,3248,0,0,0,1
99322,102,1,92888,92888,99322,99747,6434,6434,0,0,0,0
100236,107,1,95475,95617,100236,100102,4619,4761,142,0,0,0
100234,114,1,99097,99317,100234,100243,917,1137,220,0,0,0
101429,113,1,98863,99077,101429,100070,2352,2566,214,0,0,0
101812,112,1,98837,98837,101812,9223372036854775807,2975,2975,0,0,0,1
102643,117,1,101839,101986,102643,102416,657,804,147,0,0,0
102815,111,1,98286,98492,102815,102138,4323,4529,206,0,0,0
105000,99,1,90500,90500,105000,98772,14500,14500,0,0,0,0
105119,72,1,58442,58655,105119,94751,46464,46677,213,0,0,0
105808,110,8,97433,97631,105808,103649,8177,8375,198,0,0,0
108070,119,1,104716,104716,108070,107695,3354,3354,0,0,0,0
108030,121,1,106507,106507,108030,107809,1523,1523,0,0,0,0
109154,120,1,106242,106242,109154,108005,2912,2912,0,0,0,0
110625,115,1,99273,99317,110625,106768,11308,11352,44,0,0,0
110733,125,1,109266,109394,110733,9223372036854775807,1339,1467,128,0,0,1
110867,126,1,109279,109394,110867,110283,1473,1588,115,0,0,0
111336,122,1,108167,108210,111336,9223372036854775807,3126,3169,43,0,0,1
111760,109,1,96553,96553,111760,118053,15207,15207,0,0,0,0
112084,118,1,103281,103291,112084,113353,8793,8803,10,0,0,0
113230,132,1,112237,112419,113230,9223372036854775807,811,993,182,0,0,1
114007,134,1,113068,113068,114007,9223372036854775807,939,939,0,0,0,1
114714,131,1,112172,112179,114714,9223372036854775807,2535,2542,7,0,0,1
114647,135,1,113234,113308,114647,115199,1339,1413,74,0,0,0
115030,28,1,21716,21741,115030,159549,93289,93314,25,0,0,0
116588,116,1,100063,100078,116588,109680,16510,16525,15,0,0,0
117003,127,1,110547,110735,117003,118898,6268,6456,188,0,0,0
117815,141,1,116135,116353,117815,118062,1462,1680,218,0,0,0
118309,137,1,114640,114640,118309,117255,3669,3669,0,0,0,0
118546,145,1,117357,117553,118546,9223372036854775807,993,1189,196,0,0,1
119249,138,1,115186,115360,119249,117812,3889,4063,174,0,0,0
119688,140,1,116113,116113,119688,9223372036854775807,3575,3575,0,0,0,1
119500,143,1,117066,117073,119500,118775,2427,2434,7,0,0,0
119858,136,1,113521,113548,119858,119274,6310,6337,27,0,0,0
120163,146,1,119428,119495,120163,9223372036854775807,668,735,67,0,0,1
123552,149,1,121119,121119,123552,123453,2433,2433,0,0,0,0
123953,148,1,120281,120455,123953,124939,3498,3672,174,0,0,0
125960,151,1,122666,122888,125960,124905,3072,3294,222,0,0,0
128724,153,1,122825,122888,128724,131308,5836,5899,63,0,0,0
129321,155,1,124124,124189,129321,9223372036854775807,5132,5197,65,0,0,1
129939,158,1,126950,126950,129939,131092,2989,2989,0,0,0,0
130769,130,1,111792,111939,130769,129377,18830,18977,147,0,0,0
131234,156,2,125222,125222,131234,133707,6012,6012,0,0,0,0
131413,8,1,6886,7094,131413,9223372036854775807,124319,124527,208,0,0,1
132833,147,1,120070,120215,132833,136824,12618,12763,145,0,0,0
135429,165,1,134230,134230,135429,135600,1199,1199,0,0,0,0
135578,154,2,123967,124189,135578,138916,11389,11611,222,0,0,0
137413,129,8,110910,110975,137413,9223372036854775807,26438,26503,65,0,0,1
137486,162,1,132609,132609,137486,135064,4877,4877,0,0,0,0
137886,169,1,136302,136441,137886,137904,1445,1584,139,0,0,0
137898,150,1,122648,122648,137898,9223372036854775807,15250,15250,0,0,0,1
139549,166,1,135001,135001,139549,139566,4548,4548,0,0,0,0
139696,170,1,136621,136681,139696,140148,3015,3075,60,0,0,0
139870,159,1,127175,127190,139870,142791,12680,12695,15,0,0,0
140744,160,4,130516,130684,140744,143340,10060,10228,168,0,0,0
141418,168,1,136247,136441,141418,142433,4977,5171,194,0,0,0
142268,172,1,141592,141658,142268,142384,610,676,66,0,0,0
143866,164,1,133777,133826,143866,9223372036854775807,10040,10089,49,0,0,1
145134,167,2,135350,135481,145134,144468,9653,9784,131,0,0,0
147554,161,1,131955,131955,147554,152045,15599,15599,0,0,0,0
148049,176,1,146537,146537,148049,148457,1512,1512,0,0,0,0
148558,177,1,147762,147895,148558,148287,663,796,133,0,0,0
150335,175,1,144015,144161,150335,152519,6174,6320,146,0,0,0
151044,180,1,148516,148615,151044,9223372036854775807,2429,2528,99,0,0,1
151816,174,1,143681,143681,151816,154469,8135,8135,0,0,0,0
152737,173,1,141921,141921,152737,9223372036854775807,10816,10816,0,0,0,1
154355,183,1,151990,152109,154355,155223,2246,2365,119,0,0,0
156490,178,1,148247,148375,156490,157258,8115,8243,128,0,0,0
156627,179,1,148509,148615,156627,157723,8012,8118,106,0,0,0
156603,184,1,154938,154938,156603,9223372036854775807,1665,1665,0,0,0,1
156709,171,1,139716,139789,156709,160385,16920,16993,73,0,0,0
157002,98,1,89759,89759,157002,9223372036854775807,67243,67243,0,0,0,1
159684,181,1,150415,150575,159684,156516,9109,9269,160,0,0,0
159901,101,1,91052,91240,159901,135158,68661,68849,188,0,0,0
160193,185,8,155698,155819,160193,9223372036854775807,4374,4495,361,1,0,1
161018,187,8,157688,157688,161018,158960,3330,3330,1063,1,0,0
167063,194,1,164728,164728,167063,9223372036854775807,2335,2335,0,0,0,1
167799,196,1,165433,165479,167799,167042,2320,2366,46,0,0,0
168180,199,1,166835,166835,168180,168132,1345,1345,0,0,0,0
170777,189,8,162061,162061,170777,167403,8716,8716,3040,2,0,0
171788,198,1,166519,166519,171788,174259,5269,5269,0,0,0,0
173099,188,1,160965,160965,173099,9223372036854775807,12134,12134,0,0,0,1
173546,190,8,162701,162708,173546,165651,10838,10845,6971,1,0,0
175980,193,2,163719,163835,175980,176101,12145,12261,2876,1,0,0
177061,197,1,165532,165719,177061,177560,11342,11529,187,0,0,0
180816,182,8,150450,150575,180816,178090,30241,30366,125,0,0,0
182354,152,1,122683,122888,182354,211610,59466,59671,205,0,0,0
188332,191,1,163128,163355,188332,189911,24977,25204,467,1,0,0
191399,195,1,165239,165239,191399,198125,26160,26160,0,0,0,0
209828,142,1,116575,116593,209828,180544,93235,93253,18,0,0,0
218842,192,1,163512,163595,218842,9223372036854775807,55247,55330,1072,1,0,1
224964,186,4,155868,156059,224964,9223372036854775807,68905,69096,1800,2,0,1
242078,35,8,24410,24531,242078,9223372036854775807,217547,217668,121,0,0,1
242906,2,1,1822,1822,242906,190552,241084,241084,0,0,0,0
254528,128,1,110806,110975,254528,206206,143553,143722,169,0,0,0
265236,41,1,32316,32352,265236,9223372036854775807,232884,232920,36,0,0,1
271152,65,1,54182,54263,271152,325081,216889,216970,81,0,0,0
287581,104,8,93849,93888,287581,9223372036854775807,193693,193732,39,0,0,1
296365,157,1,126242,126382,296365,364740,169983,170123,140,0,0,0
311808,64,1,53759,53759,311808,9223372036854775807,258049,258049,0,0,0,1
312390,18,1,14961,14990,312390,222046,297400,297429,29,0,0,0
318219,93,4,82894,82917,318219,306247,235302,235325,23,0,0,0
373721,139,1,115535,115600,373721,320447,258121,258186,65,0,0,0
400700,144,1,117254,117313,400700,268128,283387,283446,59,0,0,0
414662,123,1,109173,109394,414662,376091,305268,305489,221,0,0,0
449931,124,1,109251,109394,449931,334697,340537,340680,143,0,0,0
501098,0,1,0,0,501098,688291,501098,501098,0,0,0,0
535728,163,1,132836,132849,535728,9223372036854775807,402879,402892,13,0,0,1
654340,79,1,65309,65544,654340,779721,588796,589031,235,0,0,0
689331,133,1,112394,112419,689331,688321,576912,576937,25,0,0,0
