time,job_id,num_gpu,submit_time,start_time,end_time,ddl,executed_time,JCT,pending_time,preempt,promote,best_effort_job
5745,fd9f45f4-0816-d739-c393-3447f3dc50bf,64,5016,5070,5745,6955,675,729,54,0,0,0
5836,f60b9881-76f3-6fc7-d009-6b2a00419afc,64,5010,5010,5836,5985,826,826,0,0,0,0
8089,8271bbba-f96f-4a1b-e4b3-b66b51b795ed,64,7353,7353,8089,9136,736,736,0,0,0,0
8561,d8b6a802-27e9-add3-7814-c4920c604d99,64,8374,8374,8561,9280,187,187,0,0,0,0
9153,d0207ede-1fa7-0e6b-bffa-749e45bfd2c3,64,8279,8279,9153,11817,874,874,0,0,0,0
9725,33ffb402-a5d5-bbf9-4a3a-bb3ac439dfcf,64,9454,9508,9725,11283,217,271,54,0,0,0
10077,59bb8900-6198-b718-c4c7-aab4ca20508d,64,9841,9841,10077,12247,236,236,0,0,0,0
10505,b819b15d-4f96-8a84-a0d4-4d244d074581,64,9448,9448,10505,16939,1057,1057,0,0,0,0
10818,88f47eed-6990-6abf-7792-be4734783752,64,10413,10413,10818,15560,405,405,0,0,0,0
11378,0599e1f2-ccd3-654c-b68b-bbc673c66188,64,6140,6140,11378,10448,5238,5238,0,0,0,0
12128,6e66a273-c4ca-00d7-8a66-de6724d4d5a3,64,11523,11523,12128,13015,605,605,0,0,0,0
12678,371e7782-5e38-8274-0db4-a7fa18e43d85,64,12416,12416,12678,13209,262,262,0,0,0,0
13616,192703a7-df2e-37e7-c4fc-bb8424aefbea,64,13017,13017,13565,16851,548,548,0,0,0,0
13776,c4196c8a-c44f-c2a8-5a4a-96aee987cfb2,64,13556,13556,13776,16328,220,220,0,0,0,0
13851,df02774d-9482-b42f-c095-3c13f06bffa4,64,13716,13716,13851,15315,135,135,0,0,0,0
14109,d8914adf-341c-612a-a249-1260107e528c,64,14004,14004,14109,14691,105,105,0,0,0,0
15076,7464d6f2-11ea-2c00-863e-cbe2a8d99292,64,14852,14852,15076,16469,224,224,0,0,0,0
15372,6e4928ac-19f1-45cc-0244-e4d75ac2a176,64,11524,11583,15372,17107,3789,3848,59,0,0,0
15884,6f959489-8af2-820e-29a3-e5f6984ad463,64,14780,14780,15884,28574,1104,1104,0,0,0,0
16161,8f221604-d46b-7756-b9e4-39ef48d495a4,64,14306,14306,16108,15398,1802,1802,0,0,0,0
16656,8aacb783-d48b-5d0d-be1e-70bc03c61e18,64,16419,16419,16656,16839,237,237,0,0,0,0
17391,dde7110f-f42e-c8ee-df30-1cb5c8c574fa,64,16719,16719,17391,26253,672,672,0,0,0,0
17662,874db4a6-d057-ab85-6f1e-c0de297eb3f4,64,16124,16161,17662,18176,1501,1538,37,0,0,0
23112,df629d0c-bc76-37a0-6d98-a416bae27198,64,16101,16101,23112,37449,7011,7011,0,0,0,0
29093,9c8aa872-0214-1a68-952d-986c16db8a18,64,27815,27815,29079,31144,1264,1264,0,0,0,0
29191,bb23e712-bfd9-5996-ee5b-6379213fa67b,32,29033,29033,29191,29890,158,158,0,0,0,0
30781,fcd2280e-e3c5-1ba8-7122-d7a0d12972d3,64,30354,30389,30781,31133,392,427,35,0,0,0
30841,8ce17e35-651f-d429-c117-1668ad724e2e,64,30657,30713,30792,31175,79,135,56,0,0,0
31054,2fb50401-9d26-7076-5e44-b774cf9d539c,32,30653,30653,31054,31855,401,401,0,0,0,0
31453,1b7e0502-ca9d-8831-894e-7397b38a3db1,32,30329,30329,31453,38351,1124,1124,0,0,0,0
33621,f53ca48b-268d-e9f4-be5b-8a9233f8457c,64,33435,33435,33621,34300,186,186,0,0,0,0
34398,a0dbfca2-743c-fb6b-7ad7-c891a8d791b6,64,33466,33495,34398,37182,903,932,29,0,0,0
35649,88c982ec-b3dd-0cfb-6ccb-6ae1b6d331ca,32,30103,30103,35649,59566,5546,5546,0,0,0,0
38176,05e15e2f-f2b7-4922-054e-dd713977fd2f,32,30198,30223,38176,57409,7953,7978,25,0,0,0
40149,09791408-7768-9441-0245-59a5709de505,64,30150,30163,40149,46640,9986,9999,13,0,0,0
44717,7dbb4c18-4984-e0ab-7a0e-25398a3e50b5,64,44351,44351,44717,46104,366,366,0,0,0,0
46438,bb3494d1-f327-33ef-c50b-d5b96f581316,64,46134,46134,46438,48123,304,304,0,0,0,0
47246,f394c60d-c2db-6aab-fd41-1a05833cd4f2,64,46729,46729,47246,47783,517,517,0,0,0,0
47306,fdf48930-a265-df65-0d56-e00031456a6c,64,46267,46286,47275,49609,989,1008,19,0,0,0
47571,a4d37418-581e-60ef-f8ef-6c712b9fff6a,64,46226,46226,47571,62854,1345,1345,0,0,0,0
48323,ec9a799e-1943-7791-b9b0-7ec4f93c8859,64,48197,48197,48323,50456,126,126,0,0,0,0
48506,372f5f47-999f-0691-34e4-20bfdb38f306,64,48235,48257,48506,48667,249,271,22,0,0,0
48566,a1001bc8-9758-a25f-dad8-e2dafe17ddb3,64,47839,47839,48522,52451,683,683,0,0,0,0
49082,5fcfe711-8258-3678-c04a-7761a52368e3,64,48579,48626,49082,49325,456,503,47,0,0,0
50434,8a55a14b-51f5-a8f9-3c15-ae1fefda21b2,64,49652,49652,50434,51925,782,782,0,0,0,0
50608,8f942977-b582-ef0c-fd23-36f45b44e6ed,64,50246,50246,50608,50739,362,362,0,0,0,0
50917,db558642-3054-366b-6d8e-e559daf93e99,64,50359,50359,50917,53848,558,558,0,0,0,0
51746,5b5073c7-e6dc-9c76-ee7a-e3bb50340715,64,51479,51479,51713,52487,234,234,0,0,0,0
51853,60aeb372-b6df-b4a6-23d5-2be0ac249f30,64,51705,51746,51853,52046,107,148,41,0,0,0
51913,1d191f64-f8cf-814a-dea7-e1ae7006a2c6,64,51686,51686,51903,52449,217,217,0,0,0,0
52883,e6d037c6-d2a2-0765-b700-7ce3e25c7f9c,64,52242,52242,52883,56448,641,641,0,0,0,0
53099,1165ed7f-8cce-d653-6a39-6c71b276c469,64,49652,49652,53099,61656,3447,3447,0,0,0,0
53493,2540647b-784f-cb14-f2d3-1a6527dea64c,64,52897,52943,53493,54120,550,596,46,0,0,0
53614,61652fd3-41dd-dedf-2cfa-a174ba059e68,64,52242,52242,53614,70473,1372,1372,0,0,0,0
53866,fab6ad91-bacf-7cfc-9245-1cc41bfb3b3d,64,52899,52943,53866,57759,923,967,44,0,0,0
54959,e4dc4306-8b20-ce3e-42b7-c0488d3543be,32,54830,54830,54959,55140,129,129,0,0,0,0
56765,8a39068b-cbed-e473-e3eb-f7c10723e11e,64,5377,5377,56765,36907,51388,51388,0,0,0,0
57377,b01c337e-35b8-0aae-82b6-0c8e89c818d7,64,52089,52089,57377,61701,5288,5288,0,0,0,0
58912,56d44952-ee29-e80e-7e2a-c03a80f58b81,64,58437,58437,58912,59309,475,475,0,0,0,0
59945,77a63918-acac-1f3b-7395-734b50b9ff30,64,32317,32317,59945,94393,27628,27628,0,0,0,0
61590,f5b127e1-9a72-ebf3-bb54-93e6ff630fac,64,60729,60729,61590,63567,861,861,0,0,0,0
62105,b1e76ab9-127c-22f0-ea74-bb8724f47c35,64,61716,61716,62105,62795,389,389,0,0,0,0
62614,2cde9187-d1fa-82a6-c60b-340cf21a6f38,64,60757,60789,62614,72723,1825,1857,32,0,0,0
68397,4819a23a-7d23-fd9a-3162-1e958d68f317,64,67573,67573,68397,71069,824,824,0,0,0,0
72651,970e287a-0fd7-b0f2-4f90-8490006e0070,64,71515,71515,72651,76476,1136,1136,0,0,0,0
74586,f1b2f143-078b-13a9-fd88-565ad09a934b,64,71703,71703,74586,74085,2883,2883,0,0,0,0
82701,aa5f8dfc-a0b3-da83-f002-9577e4f364d5,64,82439,82439,82701,84154,262,262,0,0,0,0
95210,861550f6-6b43-db40-7b9a-21c41155581f,64,92607,92607,95210,119489,2603,2603,0,0,0,0
108916,7570b0ac-5d42-10d5-40e7-ca767c8ad37a,64,97933,97933,108916,108078,10983,10983,0,0,0,0
113730,5ed7d1a6-7673-0495-1ff0-864c02288f07,64,92815,92815,113730,161493,20915,20915,0,0,0,0
134011,e3b2f985-2ad0-d57e-730c-19bc1073c0c3,64,133481,133481,134011,134132,530,530,0,0,0,0
134939,3082d7e6-e6ac-e778-d7b6-e0a34730b04b,64,134695,134695,134939,135499,244,244,0,0,0,0
134999,b522f610-ef26-3a84-f2bd-509b564d36b6,64,134480,134480,134945,135996,465,465,0,0,0,0
135197,cdeb2696-015a-ba1d-a2c8-cf62f6ee137d,64,135049,135059,135197,135642,138,148,10,0,0,0
135577,91ed554a-3fae-ef01-a829-0f3c86b4852c,32,135354,135354,135577,136434,223,223,0,0,0,0
135637,0dd4c0e6-0b09-9fcc-ec34-4cf0ab8e77a1,64,135104,135119,135605,141182,486,501,15,0,0,0
135974,78460474-927c-5ea7-8a15-9e92af74ae63,64,135914,135914,135971,137022,57,57,0,0,0,0
136313,52ce55e3-69df-05c7-64a0-053f22a37556,64,136161,136161,136313,137934,152,152,0,0,0,0
136634,ac5e1ec3-e1be-0ed9-3483-518e458fa881,64,135923,135974,136576,137115,602,653,51,0,0,0
136814,db7be180-aac2-1afb-fc9d-b15bcb8553f6,64,136653,136694,136787,137673,93,134,41,0,0,0
136874,13aae9c8-efb2-78fd-a391-ffdb8794ac7e,64,136652,136694,136843,137488,149,191,42,0,0,0
136874,94010dfe-7921-0c7c-a119-ceee0fb91307,64,136717,136754,136844,137200,90,127,37,0,0,0
137043,81b83de2-ec07-3a4c-4f72-8efc3187dc09,64,136661,136694,137043,139243,349,382,33,0,0,0
137466,ba52dbf2-f551-5cd0-f278-0c3be412b716,64,137099,137103,137466,138221,363,367,4,0,0,0
137845,ad8716e1-4679-4c1e-5755-19cd3fbfe7eb,64,137751,137785,137844,138211,59,93,34,0,0,0
137905,b3322d31-d3a6-5f0c-eb07-8653af878674,64,137783,137785,137895,139111,110,112,2,0,0,0
138057,b69415c7-1604-52b7-f424-b79c27b0816b,64,136942,136942,138057,140046,1115,1115,0,0,0,0
138117,99ef827f-d3d4-ddd3-605a-34f5d0126e91,64,137802,137845,138080,140528,235,278,43,0,0,0
138177,f0fbdb65-a6a5-790a-c1ad-e98a0c3838a5,64,137725,137725,138173,138743,448,448,0,0,0,0
138522,f62162ab-6ba6-4252-776f-fd036d7bba17,64,138301,138301,138522,141362,221,221,0,0,0,0
140328,64ad1905-0fbc-6377-6f1f-5c6a2a112eab,32,137782,137785,140328,153100,2543,2546,3,0,0,0
140880,b780606a-02ca-68d5-b033-ee83518f0ed4,64,140665,140665,140880,143220,215,215,0,0,0,0
141311,c6642ca9-10fa-62fc-a9b2-a838edac4484,64,140438,140480,141311,143435,831,873,42,0,0,0
142387,f6c8b8b9-d915-5664-3d27-4ad5a9a54c24,64,136574,136574,142387,139130,5813,5813,0,0,0,0
142454,909cca67-5a04-2fb0-9fcf-d7112aaf1966,64,140461,140480,142454,142756,1974,1993,19,0,0,0
142736,5c494d63-1e4c-3fdf-556e-fce49d9e4da2,64,140420,140420,142736,144802,2316,2316,0,0,0,0
142877,5e723c24-c2c7-bd49-8dae-27d77668d540,64,142586,142586,142877,143200,291,291,0,0,0,0
143222,f0636972-c737-327a-de34-106afa902bfb,64,140701,140725,143222,147500,2497,2521,24,0,0,0
143413,2bb4a408-13b4-c4f6-e19a-17f6438a819e,64,143157,143157,143413,143678,256,256,0,0,0,0
144059,e1ad640c-7463-835e-eafb-9f20783c91eb,64,143999,143999,144053,145093,54,54,0,0,0,0
144214,18ad8eeb-b760-7067-ab1e-5b379d15844d,64,135027,135059,144214,147552,9155,9187,32,0,0,0
146718,60b759a9-f88a-fc64-974e-bb877ea413e5,64,140438,140480,146718,156007,6238,6280,42,0,0,0
147085,855fecc6-f9d7-1979-d767-a6da231b0c86,64,145458,145458,147085,146836,1627,1627,0,0,0,0
149228,4a00ae99-8637-5844-7570-7bd6bf922ea5,64,149161,149161,149228,149712,67,67,0,0,0,0
150133,55cf37ba-e989-65f2-2bbf-1e35c4acb57d,64,149948,149948,150133,151160,185,185,0,0,0,0
151088,68b666d6-66a3-f3db-4960-42b0dbe7a333,32,150938,150938,151088,151974,150,150,0,0,0,0
152143,01f39146-60ca-40ea-7946-5f6628b8bcc2,32,151954,151954,152143,153220,189,189,0,0,0,0
153960,33a37a74-8046-9354-f822-58a7d306e664,64,153900,153900,153959,154340,59,59,0,0,0,0
154468,121d87ac-fb26-7d27-5889-55c0090d7d2f,64,153249,153249,154468,155604,1219,1219,0,0,0,0
154857,31208bde-3c52-d68a-8ec6-1be5012b809e,64,74983,74983,154857,185113,79874,79874,0,0,0,0
156016,20e8dae1-b1f0-ed9b-ce21-7fb3be654bf9,32,155859,155887,156016,156211,129,157,28,0,0,0
156281,0bb8382f-916b-a250-8945-8e1bcb0de65c,64,151317,151317,156281,162483,4964,4964,0,0,0,0
156758,cb59b151-5dde-7466-7f03-66ef702724eb,64,155827,155827,156758,157570,931,931,0,0,0,0
157593,f543c14d-5095-f881-a88d-37de6c1f0650,32,157406,157406,157593,158164,187,187,0,0,0,0
158099,e05ff96e-d087-dc98-bc7d-0017f4c1540b,64,157818,157818,158099,158870,281,281,0,0,0,0
158774,11489054-7b6c-e596-aa97-435dd9ff74eb,64,158672,158672,158774,159336,102,102,0,0,0,0
160092,fd8398c3-5821-b9f8-ea45-2afdfb8a61eb,64,159805,159805,160092,160797,287,287,0,0,0,0
160861,a9fe494e-304c-7b39-36ab-eff0cd1d19da,64,160700,160700,160861,161766,161,161,0,0,0,0
165521,f1e7ada0-e15d-6e51-ffc9-77e4d2c7f176,64,165401,165401,165498,166770,97,97,0,0,0,0
166041,28489240-2fd9-0ce1-2676-27ca3625fc20,32,165461,165461,166000,167664,539,539,0,0,0,0
166041,457e55cb-4d13-1338-ccc4-c0a9af5a01cc,64,165622,165622,166029,171351,407,407,0,0,0,0
166257,62a40afe-dcb7-1b1f-785f-a1adfedb5a32,64,166082,166101,166257,167748,156,175,19,0,0,0
166317,76b874d3-4959-9bed-9d19-11a5618dde71,64,165981,165981,166307,167291,326,326,0,0,0,0
166505,a1ad9f14-3ae1-9f9c-0634-e0e64d2ce796,64,166323,166377,166505,167414,128,182,54,0,0,0
166565,5cb9635c-75f7-3b07-3a49-62d177e43d33,64,166273,166317,166520,167121,203,247,44,0,0,0
166625,793daf5a-b35c-9601-417a-f0cb07f2422d,64,166084,166101,166584,166832,483,500,17,0,0,0
166726,77a1cf7d-6f47-d6b6-81d4-2b2f0a568d1c,32,166323,166377,166726,167808,349,403,54,0,0,0
166970,0c485217-5d54-9496-61a6-51c5faaa53fc,64,165981,165981,166970,167227,989,989,0,0,0,0
167522,011bb348-8981-1f35-c107-50bce6d33572,64,167164,167164,167522,167876,358,358,0,0,0,0
167582,be86f5d0-f73e-eb07-a860-25bfde68666d,64,166894,166894,167552,174105,658,658,0,0,0,0
167738,4b83b570-8bb4-995a-d976-b2bacc27f386,64,167655,167655,167738,168737,83,83,0,0,0,0
168648,34c6d620-8d06-53e2-9ab6-2311a261d918,64,167804,167804,168648,170076,844,844,0,0,0,0
169057,af0f134e-02a2-9fcc-184e-e3db691d8bea,64,168731,168731,169057,172366,326,326,0,0,0,0
169540,2ba17f78-362e-17d4-3e4c-943a3dabba61,64,168732,168791,169540,180075,749,808,59,0,0,0
170127,b1a63ccf-d597-ea14-27dc-08577422acb0,32,167304,167304,170127,183042,2823,2823,0,0,0,0
170588,1eece891-5301-0fb9-66ea-0949adab7b01,64,170217,170247,170588,173063,341,371,30,0,0,0
171952,9ba4d5a6-0178-de26-ceb5-57ac8b22e445,64,170897,170897,171952,175727,1055,1055,0,0,0,0
174217,c2ad0d97-75aa-ecb0-d757-ad381498d0dd,64,170916,170957,174217,180227,3260,3301,41,0,0,0
180679,dbfb491a-9b0e-9a7e-d4db-549631bc99e6,64,170171,170187,180679,202575,10492,10508,16,0,0,0
183738,772d416d-da05-d2fc-1c71-a82122f1c32b,64,181748,181748,183738,194553,1990,1990,0,0,0,0
206595,32a807cc-2c47-1336-4006-1add316c00bc,64,206235,206235,206595,208399,360,360,0,0,0,0
206939,2d675be3-3fbe-5756-d8f0-2d4124074330,64,174409,174409,206939,228511,32530,32530,0,0,0,0
215617,8d28eef5-c7bb-bcf8-5def-5cc2f1015bfe,64,176170,176170,215617,204069,39447,39447,0,0,0,0
425237,7c4a14cf-44b0-703f-0dfc-73c1e990ff49,64,423953,423953,425237,424918,1284,1284,0,0,0,0
426559,08e94548-9b16-acb8-e7bd-1db7f7808afc,64,422953,422953,426559,427681,3606,3606,0,0,0,0
430618,f783b6f6-d775-e809-218d-052048cc32c6,64,429002,429002,430618,430523,1616,1616,0,0,0,0
437003,43b6c6ef-35c8-2133-7b8b-1581cba95e23,64,435584,435584,437003,436893,1419,1419,0,0,0,0
441077,e522266c-393a-26ee-22eb-4a7f7ecc492d,64,115467,115467,441077,665402,325610,325610,0,0,0,0
463326,a5e0ecfd-b96c-a7ff-25a0-f9e224f6548d,64,458693,458693,463326,516746,4633,4633,0,0,0,0
465121,2906567d-d28b-829a-7b1e-5e1324cf8629,64,459874,459874,465121,522416,5247,5247,0,0,0,0
466387,ff12fe28-b840-d136-067e-4b72316e8645,64,462377,462377,466387,508873,4010,4010,0,0,0,0
474244,b38046ef-ad4a-2b3c-386a-f9ddfe83c32a,64,460449,460449,474244,483932,13795,13795,0,0,0,0
474926,0b398e89-f842-e163-5455-5290017c75c5,64,474802,474802,474926,475632,124,124,0,0,0,0
475002,a9eb0bf9-850e-6d30-2055-adeccbebb43f,64,474843,474862,475002,475650,140,159,19,0,0,0
475283,08207d4e-812f-dd98-b777-6609db576a7f,64,474838,474862,475283,476174,421,445,24,0,0,0
478217,1c8d23b4-4dea-5200-5593-83cf5d13a906,64,400669,400669,478217,463539,77548,77548,0,0,0,0
478680,70c0a4f6-1065-2764-f40b-077950640ae6,64,460948,460948,478680,486305,17732,17732,0,0,0,0
481228,e7867bbf-0136-8f98-4a5a-62d3ec9fba0a,64,481077,481114,481228,481872,114,151,37,0,0,0
481794,7832b59c-25bc-99ae-2547-a8dcc686e251,64,481054,481054,481794,483041,740,740,0,0,0,0
483852,53b3618b-ade0-5648-9ac6-030661f43c2b,64,483746,483746,483852,484127,106,106,0,0,0,0
487781,c2f72b1f-b9d4-d2d3-8d35-f50cff02bf74,64,425918,425918,487781,471970,61863,61863,0,0,0,0
490621,f66a015b-6063-cb32-7bd6-b0b5a5278097,64,422333,422333,490621,505969,68288,68288,0,0,0,0
492357,3c243b45-d1fd-4711-2f1d-80eafb91fb90,64,491854,491854,492357,496352,503,503,0,0,0,0
494897,fae2d4a8-a475-2fa7-0d30-69bfca6628a8,64,428941,428941,494897,479882,65956,65956,0,0,0,0
496661,8f6875a3-b1fb-e012-96ed-79efb03e5eb4,64,496378,496378,496661,497823,283,283,0,0,0,0
499597,848be725-da6b-0060-3dcc-4915934a85d9,64,499168,499168,499597,500830,429,429,0,0,0,0
501547,fdf1d205-b6ec-b84e-f3a2-dc1d0f916e97,32,501069,501069,501547,503315,478,478,0,0,0,0
502427,8af6d268-1bd0-7f9b-7861-2769242e4cff,64,501919,501919,502427,503141,508,508,0,0,0,0
505272,b993c041-5f54-f332-1f6c-6a8635f4ffba,64,504824,504824,505272,508042,448,448,0,0,0,0
505720,2bf998ad-c92a-eb0c-656f-fbd8c4329e78,64,505425,505425,505720,505908,295,295,0,0,0,0
506710,c69aa024-7706-4602-5e5e-a4cd1426512f,64,506341,506356,506669,506723,313,328,15,0,0,0
507062,fd063a58-aa3d-d585-eaec-f4e0e81909ce,64,506648,506650,507062,509704,412,414,2,0,0,0
507180,cd320878-e83e-c3a0-1445-587e6ff6881f,32,506590,506590,507180,510357,590,590,0,0,0,0
507240,61a73056-5114-ca97-c9cb-c14823b1d124,64,506870,506870,507188,510982,318,318,0,0,0,0
507715,31a08f66-8402-837a-3fbf-7804ee4f72dc,64,507618,507621,507715,508639,94,97,3,0,0,0
507863,4ef8a787-34c5-dd5b-25f5-ed6fc5e2cdcc,64,505973,505973,507863,514202,1890,1890,0,0,0,0
507923,3964afe6-9e6e-a7d7-076f-3b07a2ec377a,64,507575,507621,507899,508224,278,324,46,0,0,0
508059,0acfbd89-da3e-d15a-a4f0-708a2d0d5e1d,64,488730,488730,508059,606716,19329,19329,0,0,0,0
508538,d4cd45a9-870d-8661-0e1c-0d4db2eb3819,64,508333,508363,508538,509313,175,205,30,0,0,0
508757,65a4c79b-2aba-a4f9-35e8-0364147f1f67,64,508303,508303,508757,510437,454,454,0,0,0,0
508817,0ae4e096-24dc-1ee5-4cc3-78c3ce3200af,64,507561,507561,508790,508422,1229,1229,0,0,0,0
509170,bbc99473-4363-589c-3249-5cff89e2df24,64,507721,507775,509170,510624,1395,1449,54,0,0,0
509526,6577e64d-4d4e-0bd1-cb33-e3c6a62989b9,64,509339,509339,509511,510923,172,172,0,0,0,0
509586,fba13732-aa4d-5bb8-f5ae-d2e97ab3137c,64,509466,509466,509574,509981,108,108,0,0,0,0
509860,6d575fd1-f019-955f-0080-1ed9743480a1,64,509514,509526,509807,510837,281,293,12,0,0,0
510406,3bbdf80c-cef6-6a14-6fdc-c21bdb2c0eb7,64,510267,510267,510406,510678,139,139,0,0,0,0
510803,1da85583-69cb-2141-9505-d99e2f7d987d,64,508140,508140,510803,513398,2663,2663,0,0,0,0
510865,eb25d7e7-e073-6c70-6c20-2d89b7a69c32,64,509946,509980,510865,513464,885,919,34,0,0,0
510925,e8048c91-4c15-b7ec-8bca-e422b0c37157,64,509969,509980,510908,512728,928,939,11,0,0,0
511385,cb5d2b59-2ad8-20ca-03db-7a2e531350e0,64,509815,509860,511385,511401,1525,1570,45,0,0,0
511445,3649f585-6e75-0e7a-5abb-b78f1585665d,64,509960,509980,511437,512473,1457,1477,20,0,0,0
511963,842ca512-f369-c683-16b5-cf7ae0389eb7,64,511796,511798,511963,512696,165,167,2,0,0,0
512023,87935d69-c33b-f03e-c923-527f7925dc65,64,511453,511505,511989,515441,484,536,52,0,0,0
512655,f5530567-03e7-dd21-1d4d-46d6460d113d,64,509965,510925,512655,530962,1730,2690,960,0,0,0
512793,a684b83b-1e81-c599-6483-8f5b42a5c37c,64,511453,511505,512793,522246,1288,1340,52,0,0,0
512853,948c7eb4-1cf8-570b-5e5b-2ad8b4732eb6,64,510596,510596,512838,515378,2242,2242,0,0,0,0
513230,4341fd0e-244f-802b-4d53-280e1ebd55b6,64,511738,511738,513230,520929,1492,1492,0,0,0,0
513533,c6f903cf-4027-1514-ba40-662f9243a301,64,509800,509800,513533,526130,3733,3733,0,0,0,0
513593,89ef698a-ca46-739f-53ba-dc3ecc5bf684,64,508445,508445,513571,518046,5126,5126,0,0,0,0
513685,725aa10d-63fe-557c-25d4-ec1951fc4c23,64,510606,510803,513685,521818,2882,3079,197,0,0,0
516364,f5a02c0a-5021-d3fc-7ff3-e8188babb414,64,505874,505874,516327,515063,10453,10453,0,0,0,0
516576,9df034d3-9caa-d37c-fc67-95e2c32fc21b,64,516304,516304,516576,518967,272,272,0,0,0,0
516636,5a357945-5813-a496-aed9-dac5d18097f4,64,515957,515957,516610,518682,653,653,0,0,0,0
516995,32239f5d-2dec-9b01-bb81-33fb0b928003,64,516456,516456,516995,518263,539,539,0,0,0,0
517073,fe08a540-ef7e-1940-f568-757413caaeb6,64,516796,516796,517073,519011,277,277,0,0,0,0
517433,1f44aa88-855b-6c5b-8cb1-457eeffad15b,64,516651,516696,517433,518551,737,782,45,0,0,0
518099,4a26eb59-2101-d598-f7ad-3965b25b56dc,64,479923,479923,518099,612415,38176,38176,0,0,0,0
518163,8494205c-34ef-2552-ab28-6d090af57e60,64,515868,515868,518163,518140,2295,2295,0,0,0,0
518761,fe4995a4-112a-0ef5-7872-420e267d46e7,64,506296,506296,518761,568549,12465,12465,0,0,0,0
523350,d66f3fff-a93f-d7ec-8ee4-3f7fd7680657,64,521875,521875,523350,547500,1475,1475,0,0,0,0
523811,04621030-5afc-e6a6-9229-13f100f3e866,64,522981,522981,523811,523937,830,830,0,0,0,0
524103,f7716700-7305-cd23-cfd0-b040d5916d49,64,522907,522907,524103,524191,1196,1196,0,0,0,0
525482,7cd6572f-301b-5b4e-6293-4e8ed189f750,64,479706,479706,525482,571394,45776,45776,0,0,0,0
525612,734bda19-c991-56cc-54a6-368b71d60744,64,525526,525542,525612,526331,70,86,16,0,0,0
529608,3d15d3ee-c397-83ae-f77b-97421e12bbed,64,509893,509920,529608,577756,19688,19715,27,0,0,0
532015,00f2baa4-931b-9fae-642e-3a16e79503fb,64,527883,527883,532015,554049,4132,4132,0,0,0,0
532075,af95be79-c971-bf51-4a32-bb221b2bb2ec,64,528865,528865,532070,538150,3205,3205,0,0,0,0
539030,994a77f9-2522-0779-a004-1dd5fb932692,64,529186,529186,539030,543509,9844,9844,0,0,0,0
539625,b66e550b-5c8a-6866-af9c-5cfbafe601c5,64,32555,32555,539625,1154101,507070,507070,0,0,0,0
539808,11e12ee9-f664-b2b9-b8d8-061976538a69,32,506230,506230,539808,635463,33578,33578,0,0,0,0
542158,ec1b55dd-e829-56cf-ba81-d86090b3032d,64,541635,541635,542158,547289,523,523,0,0,0,0
542985,bb21d347-fd3c-902a-e1e3-eda6bc106ec9,64,541311,541311,542985,542846,1674,1674,0,0,0,0
543992,d1c06099-a1f8-86ce-e5dc-6ce55fbbdfd7,64,543759,543812,543934,544301,122,175,53,0,0,0
544052,8d8f2868-bded-b9cc-4e10-7ed63b046707,64,543752,543752,544038,547454,286,286,0,0,0,0
544112,adc1e2f7-5de4-70f7-d7f4-d848fbd3d538,64,543874,543932,544091,545130,159,217,58,0,0,0
544536,97feb937-a6d9-77a1-b4ec-fe8d16d1f5ca,64,544407,544407,544489,545072,82,82,0,0,0,0
544708,96239346-29b3-e2d3-48e6-36b5740da9d6,64,544476,544476,544708,545084,232,232,0,0,0,0
544882,80fa3363-7497-c7d9-8346-93d1ca67d562,64,489310,489310,544861,618897,55551,55551,0,0,0,0
545062,ac00cd5e-922d-9ba6-35d5-b1199c09f0fe,64,544912,544942,545061,545637,119,149,30,0,0,0
545122,f316891d-8896-4456-b344-dde4bcac4426,64,544879,544882,545112,545546,230,233,3,0,0,0
545426,5a589b67-6bc7-b635-54de-19cdbbdb4536,64,543769,543812,545385,544938,1573,1616,43,0,0,0
545486,4b47b715-f937-5fff-f146-56f1787ed06b,64,544979,545002,545439,545468,437,460,23,0,0,0
545486,304c9c7b-2e62-5a6f-9c71-14398098f50d,64,545366,545366,545483,546649,117,117,0,0,0,0
545989,467248f6-aaee-5d68-5e09-f48e7e32e5d0,64,543849,543872,545935,545753,2063,2086,23,0,0,0
546049,efd37a6d-0c74-6518-6bf8-43df96f19d54,64,545486,545486,546022,546404,536,536,0,0,0,0
546198,6f339c5e-0392-3cfa-5d9f-2c8c6640464a,64,545929,545929,546198,546898,269,269,0,0,0,0
546344,6338fb29-7599-2b0a-095b-81d6b97d7617,64,544822,544822,546344,549772,1522,1522,0,0,0,0
546539,506a8dd3-0b31-324f-4858-35db2e3b5fd6,64,546479,546479,546538,546952,59,59,0,0,0,0
547869,f82c6ad8-5d03-7a06-4cad-66c59d655c03,64,547657,547657,547864,549030,207,207,0,0,0,0
548071,7ec59e55-1b98-d67e-ccc8-8dc68127a367,64,547749,547749,548071,549738,322,322,0,0,0,0
548254,44f760a8-bb90-9511-a12b-61ae12101787,32,547775,547809,548254,549112,445,479,34,0,0,0
549347,8906a4e2-460c-ec89-cda4-0209cd698214,64,548492,548492,549347,554864,855,855,0,0,0,0
549656,489af195-62b6-1594-10f4-c9418fc7ad79,32,547767,547809,549613,553123,1804,1846,42,0,0,0
549887,90b950bb-5e9b-fa6c-20cd-5bb8dd357f0d,64,549596,549596,549887,553745,291,291,0,0,0,0
550057,0f67a174-0023-94e2-2ad9-8682f8da5a79,64,547593,547593,550057,556574,2464,2464,0,0,0,0
552170,836b47c3-7c71-1cc8-6651-73fa7ccc9258,64,545388,545426,552170,558611,6744,6782,38,0,0,0
553461,23f3e5c5-46b6-36ea-f2f4-f240f69e963d,64,553002,553002,553461,563585,459,459,0,0,0,0
554089,8d5a9549-34f3-ab8e-1891-e25c2418c7fd,64,553551,553551,554089,555314,538,538,0,0,0,0
555444,c02553ea-d7f2-a678-1489-8025548b2ce3,64,554665,554665,555444,561312,779,779,0,0,0,0
555778,95e2f91b-da88-9b20-3819-58f22b258bdf,64,555654,555664,555778,556051,114,124,10,0,0,0
555840,0bab8f53-c3a4-704f-3696-5c84cb08b605,64,555624,555664,555840,556406,176,216,40,0,0,0
556842,a9d049dc-369e-5af8-e226-49ee38a06ffe,64,556275,556275,556842,557066,567,567,0,0,0,0
557681,a3a22f35-b9b5-13c7-eb1e-fddc0d888933,64,555604,555604,557681,565957,2077,2077,0,0,0,0
561243,ff1b654d-6c65-659d-a2ef-1e217fb32568,64,561012,561012,561243,561497,231,231,0,0,0,0
561810,9a2363fe-6901-c88c-3d8a-3090353a044d,64,561013,561072,561810,566103,738,797,59,0,0,0
564716,ae34097a-c6ac-61e7-d3e1-4d832f8af5db,32,564196,564196,564716,566486,520,520,0,0,0,0
566735,25391b09-8286-b3c8-db9b-c56e2080293c,64,566546,566546,566735,567565,189,189,0,0,0,0
567079,f1da833d-1550-2390-74c0-db3e666a4a82,32,566131,566131,567079,569770,948,948,0,0,0,0
567816,0b53d4e6-301e-d689-7ffc-b3fe23593443,32,567231,567242,567816,569544,574,585,11,0,0,0
567876,5fa9a39e-ee47-98d4-b9fb-97b9abf1a574,64,566246,566246,567836,573478,1590,1590,0,0,0,0
568301,904ada37-5f44-b716-b6e5-dd9a315007d2,64,567182,567182,568301,573528,1119,1119,0,0,0,0
571725,9a86a2f5-415f-2099-424f-8429b43d4bf9,64,571197,571197,571725,574293,528,528,0,0,0,0
572511,f4672866-ed56-a2a0-2d54-ff2b10ee4f77,64,555073,555073,572511,583312,17438,17438,0,0,0,0
575118,b1fe69b8-0936-312c-636d-feba6148ca39,64,572356,572356,575118,587866,2762,2762,0,0,0,0
582772,03671560-fd06-875b-b462-931f966456be,64,576741,576741,582772,597085,6031,6031,0,0,0,0
586604,77d8b428-3754-a771-aba5-d1c9035c5d03,64,584158,584158,586604,585221,2446,2446,0,0,0,0
587293,91a07ef2-1c00-7554-c396-3bf97cc9d887,64,587231,587231,587293,588087,62,62,0,0,0,0
587671,ee93a4d0-cd24-120c-0d34-6977d41bd8bf,64,586860,586860,587671,589667,811,811,0,0,0,0
587731,fc7c356d-e7dd-93a5-2b51-9424b595459d,64,587424,587424,587681,587995,257,257,0,0,0,0
589007,74283491-79c8-42cb-a8d3-110e96bfae6e,64,587334,587353,589007,589060,1654,1673,19,0,0,0
589067,fa1d8ded-7dc8-07a2-adda-a3b60ab84fe2,64,587171,587171,589039,589635,1868,1868,0,0,0,0
589183,4d187b75-a971-a31f-d7d8-05949d9887bc,64,588921,588921,589183,590465,262,262,0,0,0,0
589866,1c3efda4-689b-4fb2-da31-7fd79a0278a6,64,533216,533216,589866,602580,56650,56650,0,0,0,0
590117,5832c8de-521b-e8c2-30c3-ef8a592ab43d,64,589687,589722,590117,592159,395,430,35,0,0,0
590787,c520d50f-a0ff-3498-02f4-298f6ffad356,64,589883,589926,590787,593706,861,904,43,0,0,0
591735,77ec2100-ec28-c17a-92ec-c3bd16757d7e,64,589662,589662,591735,607710,2073,2073,0,0,0,0
592415,cd35637c-234b-ae09-da79-d6868f06c963,64,592122,592171,592396,592885,225,274,49,0,0,0
592475,4e7674e9-ca12-ba49-e5f5-cdc821c7c0f6,64,592355,592355,592419,593202,64,64,0,0,0,0
592475,34dbda6b-dd9e-7b6d-e751-82a4f48138b5,64,592111,592111,592428,594288,317,317,0,0,0,0
592475,32d4d3a5-98dd-6c3c-e4ce-b832c8776e4b,64,591765,591795,592444,595779,649,679,30,0,0,0
593535,946e8ec2-d342-2e50-c208-62274333240a,64,593139,593139,593535,597385,396,396,0,0,0,0
594878,eb91d7bc-42e1-feb9-e49d-da44191f9e05,64,593142,593199,594878,600532,1679,1736,57,0,0,0
595051,6e6a3d5b-2154-be4a-61cf-91fb7e81cdfa,64,594939,594939,595051,595895,112,112,0,0,0,0
595353,1c6fec01-f57f-2bba-3fba-cf5fa576db48,64,595236,595236,595353,596894,117,117,0,0,0,0
595486,70100d7e-2a5f-66e4-1332-406ff8b6bdee,64,594648,594648,595475,595679,827,827,0,0,0,0
595696,161cd674-2978-868d-062c-06921efa91a0,64,595590,595590,595696,596869,106,106,0,0,0,0
596259,6b732c7a-8dca-94bd-c50a-2d22b08c19fa,64,595430,595486,596259,598559,773,829,56,0,0,0
596930,bab4eb77-959f-b841-6d19-312dde3b5a64,32,596627,596627,596930,597557,303,303,0,0,0,0
597779,f2612977-7fe5-4edd-34d3-87dd557c9198,64,597337,597337,597779,600975,442,442,0,0,0,0
598070,7bd7b4bf-8e0e-abb7-8f20-c5e75ec646eb,64,595426,595426,598070,603117,2644,2644,0,0,0,0
598242,3d563b0e-d11c-e5c8-50b2-81c0ffdba2ee,64,513737,513745,598242,623402,84497,84505,8,0,0,0
598781,d7be7b4f-b967-6dc6-d6fd-d1a5f17312f4,64,598661,598661,598732,599021,71,71,0,0,0,0
599038,b4586ea4-15b8-3fa6-8fca-b2a910fb436c,64,598428,598428,599038,599451,610,610,0,0,0,0
599197,909e21ba-8a38-d5aa-51be-ba8e0a8aeb94,64,598691,598721,599197,603605,476,506,30,0,0,0
600722,dd0d3739-c553-bb6d-8ef8-66193599fe91,64,600443,600443,600722,602406,279,279,0,0,0,0
602386,96721e98-5d84-16e0-60e6-96ffa75743f9,64,599628,599684,602386,603243,2702,2758,56,0,0,0
602470,09360f02-75ac-0819-714b-5c03605797cf,64,593243,593259,602470,634241,9211,9227,16,0,0,0
602892,685707ac-3a40-fe39-83a5-f42136daa93a,64,587088,587088,602892,617232,15804,15804,0,0,0,0
603030,0766699f-7bf2-aa06-10c1-de9c683629ce,64,602512,602530,603030,603128,500,518,18,0,0,0
603377,ca359116-e22d-dfbb-99f1-9675be32fa85,64,599505,599534,603377,601866,3843,3872,29,0,0,0
603842,450ab36d-f9be-07f3-5bcc-90fca1cc22d8,64,600446,600503,603842,619920,3339,3396,57,0,0,0
607320,fd5baf20-7da2-3e1b-be7a-31688e72d17c,64,545691,545691,607320,599734,61629,61629,0,0,0,0
610027,1b332e43-a4b1-cf6a-9d2c-e51b37e82d71,64,599624,599624,610027,610500,10403,10403,0,0,0,0
613287,737ea52f-6d15-0b06-561c-9af39f021a19,64,611494,611517,613287,618126,1770,1793,23,0,0,0
613917,06289878-6a39-4607-2e35-c5c86fe05fa2,64,611454,611457,613917,617564,2460,2463,3,0,0,0
615200,232e444c-de97-df42-17d3-d848b6388b9c,64,611468,611517,615196,614162,3679,3728,49,0,0,0
615621,88914b26-e555-1570-0979-5e75671e9bb8,64,613638,613638,615621,617369,1983,1983,0,0,0,0
615683,61233eea-3b1b-f755-e600-fd684a69ed38,64,613658,613698,615683,617202,1985,2025,40,0,0,0
616065,5a765b48-5d03-14d8-9396-440547b5c4cd,64,612749,612749,616065,615723,3316,3316,0,0,0,0
616476,ceb7803e-c3fc-ac0e-d5c2-c94db3fdc2b8,64,611519,611577,616476,616613,4899,4957,58,0,0,0
616599,7a8b737a-31b5-276f-88e9-41fdb0850679,64,615140,615140,616599,618312,1459,1459,0,0,0,0
617310,cf5c8dd3-df10-7434-eb09-6202f77aefe1,32,611397,611397,617310,618689,5913,5913,0,0,0,0
617370,109792a4-4b00-dcfc-21f5-5aa5529e0da0,64,617100,617100,617327,617563,227,227,0,0,0,0
617501,a904babd-69c2-aa17-83d1-677a79a6ab72,64,613640,613698,617501,617207,3803,3861,58,0,0,0
618406,e8266484-c4e4-fe52-da4f-706b9d4ac78b,64,617135,617160,618406,618386,1246,1271,25,0,0,0
618880,8db78572-ef7d-b821-bca0-258eb63d65d5,64,616842,616893,618880,618895,1987,2038,51,0,0,0
618940,f0a30219-c321-0788-0173-c12e6ac89d70,64,611554,611577,618931,618327,7354,7377,23,0,0,0
619019,bba95ec4-fef4-3c9c-2484-557f454a8e82,64,613654,616476,619019,620114,2543,5365,2822,0,0,0
619117,e97c0ea5-341c-2d10-1415-0ad9479fea14,64,567355,567355,619117,594874,51762,51762,0,0,0,0
620905,52a7c5d6-08ca-a5a8-7822-b39dfbe770a6,64,611574,611577,620905,619741,9328,9331,3,0,0,0
620988,4c66d04f-64b1-1c49-0c0c-f61e9cc10bd8,64,613665,615683,620988,619366,5305,7323,2018,0,0,0
621406,d4eee313-8c48-7218-a892-ab6fedb92750,32,616833,618880,621406,621318,2526,4573,2047,0,0,0
621790,ff0dd3c2-ac4d-cd33-d515-28af4d25298f,64,613670,618940,621790,621511,2850,8120,5270,0,0,0
622158,eee5b33e-2dd3-4f8e-5fcb-f48261e8baa5,64,621813,621850,622158,622502,308,345,37,0,0,0
622302,51d41c6a-5731-4c46-57cb-9e5b03379b0b,64,615196,616599,622302,620823,5703,7106,1403,0,0,0
622941,c350bf4f-31b8-f079-2990-94c090cbb982,64,613684,615621,622941,619311,7320,9257,1937,0,0,0
623152,7e7d5e88-4dcd-5534-95d0-3545d5a76023,64,615276,618880,623152,621505,4272,7876,3604,0,0,0
623212,d8e06ea2-de5e-78e5-fb3a-3e15ef1920da,64,619666,620988,623177,623309,2189,3511,1322,0,0,0
623455,a254da12-6fff-95cc-ae26-f348b044db1b,64,619685,619704,623455,622420,3751,3770,19,0,0,0
623792,5735773c-761e-6287-d07c-5e53b8f6703b,64,621823,623152,623792,623866,640,1969,1329,0,0,0
623925,730825d1-396c-c19c-a4ed-91b84d9e3b99,64,619524,619524,623925,622581,4401,4401,0,0,0,0
624515,c86aed73-3415-c076-801c-5617a2c3b917,64,618737,619019,624485,622387,5466,5748,282,0,0,0
626804,2c0ca9c0-314a-9ace-4677-4ddcaad414ad,64,618305,623212,626804,623946,3592,8499,4907,0,0,0
627207,950ce835-3659-fa8c-938f-b1ef2ec01db7,64,619919,624515,627207,626610,2692,7288,4596,0,0,0
628059,61a4cd19-71ef-7e0a-4dae-ac5c00009f1e,64,613672,619117,628059,623587,8942,14387,5445,0,0,0
628119,49c3f48b-f881-5f18-5f34-fd6c7bf75b57,64,613687,623455,628100,624143,4645,14413,9768,0,0,0
630048,3b45d977-c289-6a30-52db-575a79f633e8,64,619641,621790,630048,623556,8258,10407,2149,0,0,0
630108,65db6e43-47bf-8db7-82d9-a774ea7f6c7d,64,621653,623792,630085,624426,6293,8432,2139,0,0,0
630259,a93c9413-1396-a289-c29a-988f18a95210,64,627576,630048,630259,628220,211,2683,2472,0,0,0
630506,40c8c7a3-82e8-47ae-f545-dfb308a47ee1,64,624472,628059,630506,627793,2447,6034,3587,0,0,0
630890,198493ce-33e1-f6f7-757a-d70346281fb8,32,627970,630506,630890,628962,384,2920,2536,0,0,0
631208,5d1c1906-1090-dc9d-2b31-71dcfa549893,64,624455,627207,631208,627347,4001,6753,2752,0,0,0
631296,9981d28f-a09c-4325-f047-fbeb2483c458,64,614956,622941,631296,623711,8355,16340,7985,0,0,0
631392,79dbf407-c5c6-ab7d-cad0-4982ceb28a32,64,624510,626804,631392,627134,4588,6882,2294,0,0,0
631472,72cc3fc5-5f77-5a7a-25df-ac0758065bae,64,627571,631296,631472,629991,176,3901,3725,0,0,0
632249,1aa3c18e-0aaf-8962-b92c-23e3454009f2,64,626304,630259,632249,628720,1990,5945,3955,0,0,0
632532,52b0147b-f052-8803-da96-8e7d0d46e159,32,624557,630259,632532,628671,2273,7975,5702,0,0,0
632779,e95e8740-5dd9-2744-44e5-27ea3a82b37c,64,619891,623925,632779,626253,8854,12888,4034,0,0,0
633820,6e89a7a8-b68d-4037-d8fe-3fb8a1628abf,64,626283,631392,633820,630307,2428,7537,5109,0,0,0
635131,25bdab14-74ae-4b96-ae13-3adc7ff5088e,64,626139,632249,635131,630482,2882,8992,6110,0,0,0
635191,65f76d06-5a2d-465b-87ce-baaaf713c245,64,619613,628119,635182,627882,7063,15569,8506,0,0,0
637229,9175fc63-51f7-c017-36a5-fabaa3e53892,64,628974,635191,637229,633888,2038,8255,6217,0,0,0
637306,bd303739-8f5a-5787-8edd-8e22536019db,64,628989,632779,637306,632844,4527,8317,3790,0,0,0
637743,3c0a584e-a7cd-13cb-abda-06b220d2b528,64,629053,633820,637743,633125,3923,8690,4767,0,0,0
637988,1ddb4f15-1eb8-5863-02f8-60445e08e249,64,619552,630108,637988,628651,7880,18436,10556,0,0,0
638048,5ea2d56b-42aa-0bc7-70de-13fc2060917a,64,623174,631208,637998,629371,6790,14824,8034,0,0,0
638108,9b622c0a-5398-2922-0652-62a224a0db6e,64,623190,631472,638080,630427,6608,14890,8282,0,0,0
638367,16b5b5fc-199f-bb17-54ab-a577e3311ee6,64,624594,630890,638367,629087,7477,13773,6296,0,0,0
638671,641118ec-ddf0-1771-92e9-b7659b9b3926,64,634854,638108,638671,640168,563,3817,3254,0,0,0
639381,6ab62dbf-8663-e8bb-6af7-895bb241cfd3,64,634854,638048,639381,637000,1333,4527,3194,0,0,0
639536,6fa5f03f-e92d-6961-1e0f-d29bb7a2ab33,64,639388,639441,639536,640556,95,148,53,0,0,0
639664,4feeea91-8003-14a8-9c7a-b4e3ee8b09a3,32,631070,638108,639664,639604,1556,8594,7038,0,0,0
640781,2bacf712-d6a9-19e8-86d8-95e5219b606d,64,639141,639141,640781,644351,1640,1640,0,0,0,0
642300,8eec22a4-f966-f9c2-1796-b7b190b7f26f,64,623670,635131,642300,633778,7169,18630,11461,0,0,0
642864,147f0413-b0c4-6ddc-f634-71f87b45bd9c,64,627442,637306,642864,634365,5558,15422,9864,0,0,0
643513,79eae461-0751-6daa-444a-2a482fe12ed8,64,629012,637229,643513,634262,6284,14501,8217,0,0,0
644716,a46acc9a-9861-1260-1869-c755e85c1ec9,64,643090,643090,644716,644186,1626,1626,0,0,0,0
645133,7936931e-9771-d80b-3768-c85bfee3dbaa,64,643711,643711,645133,644748,1422,1422,0,0,0,0
645668,b432ece9-76dc-16b5-a076-aed65ed3e00e,64,627470,637743,645668,635213,7925,18198,10273,0,0,0
646022,e5e79add-68c8-7ed8-eb03-5cda69d53317,64,627416,637988,645988,636549,8000,18572,10572,0,0,0
648219,c5ba36af-fb60-be1c-66d2-975250970843,64,645962,645962,648219,654704,2257,2257,0,0,0,0
648886,9d9b72b9-e5ab-686c-1e34-c29a701dadb0,64,646593,646652,648886,651125,2234,2293,59,0,0,0
650899,21986e3c-d19f-cf31-1dd7-3f1f138ef8cc,64,646592,646592,650899,652093,4307,4307,0,0,0,0
651369,20d1968f-0b8c-e21f-9728-9c5e0734a403,64,646597,646652,651369,648796,4717,4772,55,0,0,0
653955,b149324b-a064-bc2a-02ab-856599a2186f,64,650373,650373,653955,654574,3582,3582,0,0,0,0
655243,cc8a6796-7015-693c-f23e-9a06ed37c2ce,64,652425,652461,655243,655727,2782,2818,36,0,0,0
655839,9c291269-e781-c4cc-9058-e121f2aff86f,64,652372,652401,655839,656742,3438,3467,29,0,0,0
655899,98daae8c-f9f7-e004-6dfe-874557968d64,64,652484,652521,655896,656200,3375,3412,37,0,0,0
656868,99d75477-5f8b-00f7-b92e-efe040a8bd6b,64,652528,652581,656868,656505,4287,4340,53,0,0,0
657311,aa2fd9d1-b5ad-09f5-d161-a3816ea4b405,64,654207,655899,657311,657364,1412,3104,1692,0,0,0
657794,20572e73-cd19-9b5e-b5c4-3078197df05f,64,649031,649031,657794,656765,8763,8763,0,0,0,0
658252,c94ee2f0-fe06-8b4e-7f63-abb84e4f4dd0,64,651050,651050,658252,654561,7202,7202,0,0,0,0
658578,606cc2f5-2c81-6bf0-91f6-04068b5a8683,64,618768,638671,658578,645541,19907,39810,19903,0,0,0
659188,a962a21a-0faf-ba84-75fa-99f24b851e26,64,652281,652281,659188,657327,6907,6907,0,0,0,0
660829,9d719800-e30d-0d83-4844-cc496761f64e,64,652598,656868,660829,657810,3961,8231,4270,0,0,0
660889,f4f48fdc-0351-d800-7d91-dbcc6a959ce2,64,654385,657794,660866,658918,3072,6481,3409,0,0,0
662929,1d03c3d5-b862-acc3-5489-9c37cfa9026b,64,654259,658578,662929,660998,4351,8670,4319,0,0,0
663483,f9705e4b-2d71-a040-0554-e88b558492ba,64,654329,657311,663483,658728,6172,9154,2982,0,0,0
666385,8d814215-2d49-0058-5f84-e3c56daa8c7e,64,652320,659188,666385,661484,7197,14065,6868,0,0,0
667169,acdcb47b-dcdb-0021-97ea-f79c20ddc8b1,64,639171,642864,667169,671180,24305,27998,3693,0,0,0
667803,427f6635-5f7b-8b00-d772-03300f589a93,64,667743,667743,667785,668591,42,42,0,0,0,0
667930,761c7a2b-5263-f8e0-3c59-69c6a6ea0997,32,667757,667803,667930,668280,127,173,46,0,0,0
668060,4ce794d7-e724-b119-af2f-32a720b6d43c,32,667867,667867,668041,668830,174,174,0,0,0,0
668375,3dc559fc-5cd0-094c-dd76-3717995b2485,64,668005,668060,668375,671539,315,370,55,0,0,0
668625,b9f9d376-c79e-049b-6aba-8f0cc9eb6e3c,64,668552,668552,668625,669264,73,73,0,0,0,0
668685,42c40e37-4ac9-8d23-c0a5-c3374a3461e7,64,668482,668482,668670,669407,188,188,0,0,0,0
669060,ec814510-c42e-afc8-9372-e80dee892190,64,668745,668745,669060,671015,315,315,0,0,0,0
669310,10e436c9-3d53-3dee-f41e-2e7c00da1e3f,64,669168,669168,669297,671035,129,129,0,0,0,0
669532,394d9156-5c31-d125-e123-433f895517ec,64,668000,668000,669532,670341,1532,1532,0,0,0,0
669652,51ffdef6-b660-8a31-38b8-9fc4e47172b1,64,669466,669466,669635,670236,169,169,0,0,0,0
669652,d89462e8-9580-1c3a-2932-a211214c0a4d,64,668841,668841,669643,670369,802,802,0,0,0,0
669712,d7825ea3-bbff-16e9-93e7-e89335fab528,64,669304,669310,669697,672804,387,393,6,0,0,0
669852,4764a956-9968-5a3c-e684-79846b0dd81d,64,669582,669592,669852,670302,260,270,10,0,0,0
669912,a29a7e5f-57b6-f1aa-f206-4a1cae9e2bbf,64,669250,669250,669895,670701,645,645,0,0,0,0
670275,1af026df-3f64-e5ee-bccd-9b8c8508df91,64,669973,669973,670275,671656,302,302,0,0,0,0
670874,8345d6d3-3d72-2c0e-23ed-6309e25c2f4a,64,670593,670597,670874,670960,277,281,4,0,0,0
671084,132ab649-0017-2ca3-4ccc-5afef02a2956,64,668984,668984,671084,674557,2100,2100,0,0,0,0
671419,b176e71f-3918-2c16-a386-3cd100f24a96,64,671320,671324,671419,673486,95,99,4,0,0,0
671698,03aa96d2-2ea2-daec-fac2-84dd32a95261,64,670620,670657,671698,672141,1041,1078,37,0,0,0
671818,6f0dc87b-dfab-24e2-af25-762cd34d09ae,64,671141,671144,671777,673670,633,636,3,0,0,0
671911,6cb9b655-f704-8d14-b235-161506beab4a,64,671702,671758,671911,673244,153,209,56,0,0,0
672191,7eba0464-65c2-27c0-d085-449dbd9f82d7,32,669342,669712,672191,678498,2479,2849,370,0,0,0
672281,3cfe18e9-5f20-ac06-9ace-863187638104,64,671151,671204,672281,683230,1077,1130,53,0,0,0
672360,be69ad39-0e37-8b07-cc53-5c3e52bb530d,64,671320,671324,672360,673087,1036,1040,4,0,0,0
672489,2bde3c78-a931-5044-5f52-58abcf3a9723,64,672066,672066,672475,675267,409,409,0,0,0,0
672549,63582706-d545-b254-09bc-6a803a887bed,64,672429,672429,672524,673747,95,95,0,0,0,0
672838,d73d52ba-ca17-31d0-97c7-68d6114a9827,64,671631,671631,672828,673096,1197,1197,0,0,0,0
673351,3df76a69-bc45-144a-3c1f-dff0331d58bb,64,673040,673097,673351,675199,254,311,57,0,0,0
673411,bca37653-50c7-6baa-2a3c-6137e48623dd,64,673037,673037,673363,674188,326,326,0,0,0,0
673411,160a3a13-30df-c50c-89e0-8b89ca3e3238,64,673039,673097,673378,674110,281,339,58,0,0,0
674688,ed441085-5024-26c6-3a53-de538375e8f9,64,672849,672898,674688,676038,1790,1839,49,0,0,0
675331,b0d515ab-c891-d55d-94c1-76b90ac013d5,64,674554,674688,675331,676739,643,777,134,0,0,0
675604,2ac09858-228c-0659-64d0-72f80e8db9f5,64,673446,673471,675604,675423,2133,2158,25,0,0,0
676890,93e0f235-4e80-d10b-fd0e-e0b640f7924b,64,672673,672718,676890,676962,4172,4217,45,0,0,0
676972,6f0d7229-1b38-7c72-ac64-8459df22367d,64,672885,672898,676972,675821,4074,4087,13,0,0,0
677069,897e2ce5-4fe3-0b6d-3efc-5196512b4c10,64,672658,672658,677069,677130,4411,4411,0,0,0,0
677212,2a6445d3-48e8-0f79-58eb-a4621976a39a,64,672911,672958,677212,675147,4254,4301,47,0,0,0
677308,68127855-e384-bc71-8271-b0d0ca5c159e,64,672935,672958,677308,676761,4350,4373,23,0,0,0
677549,94c8a69d-44b1-a1ee-7948-36f27eaab0a1,64,672739,677308,677549,677909,241,4810,4569,0,0,0
678666,6fd1134e-b25a-4809-f730-e52e2922ecb0,64,649551,649551,678666,667419,29115,29115,0,0,0,0
679302,a2ed50b9-de4c-f8bc-1bf4-3b9f9fda15ac,64,672675,672718,679302,677747,6584,6627,43,0,0,0
680010,77617d80-549f-c34c-0171-f5a74148bd11,64,672827,677549,680010,678330,2461,7183,4722,0,0,0
681005,6f0eebef-97e8-9057-56a7-01aba66ccf43,32,674943,679302,681005,684287,1703,6062,4359,0,0,0
681297,a3506764-37af-c63b-02ac-1c61c9eaa5b9,64,681062,681065,681297,681867,232,235,3,0,0,0
681684,ce8a5306-d243-8d1b-96bd-5e9f4e7a081e,64,672816,672838,681684,677176,8846,8868,22,0,0,0
682393,4087be6a-4514-c416-6c44-821eaf051764,64,680327,680327,682393,681586,2066,2066,0,0,0,0
682549,3a0e618f-428f-d941-ca0d-72ce2bf6f6c4,64,672809,672838,682549,677656,9711,9740,29,0,0,0
683456,f01a5097-9ed0-fe5f-b3bc-57914882f6eb,64,676703,682393,683456,685947,1063,6753,5690,0,0,0
683974,2911268f-3e3e-47b3-130d-a4761b5982d2,64,683684,683684,683974,684757,290,290,0,0,0,0
684314,183f36db-54be-b7e0-7566-639489a8c57d,64,672810,679302,684314,685087,5012,11504,6492,0,0,0
684391,3f4574d4-401a-d5cd-d72b-81545594d9c6,64,684102,684102,684391,690777,289,289,0,0,0,0
684807,cf3eb0d7-450c-f845-f95d-b36ffa8a47d6,64,684740,684740,684807,685489,67,67,0,0,0,0
686049,06531d47-4867-7b30-b956-77318a4cfe1f,64,672462,672489,686049,683699,13560,13587,27,0,0,0
686546,863dfcd6-4e06-48d0-0ddb-545b61eaaa65,64,671259,671264,686546,686988,15282,15287,5,0,0,0
686672,1ff49f0a-9435-0cb1-724a-f3fba016db34,64,616180,642300,686672,660266,44372,70492,26120,0,0,0
686983,101c778c-a1a1-31b4-9dca-34888459f41e,64,685164,685164,686983,688834,1819,1819,0,0,0,0
687155,f75c0751-8fd8-acb4-c8fb-2050a460cf44,64,684496,684496,687155,691097,2659,2659,0,0,0,0
688338,c2d01c42-fd59-5978-7965-12e3b9b094ac,64,684852,687155,688338,693576,1183,3486,2303,0,0,0
689817,7808a004-02a4-58e1-15f2-f85a754a3e48,64,672693,686672,689817,691979,3145,17124,13979,0,0,0
690216,2f981e44-ca78-2f58-6dec-4b0d529b3b96,64,690017,690017,690216,690957,199,199,0,0,0,0
690335,0a5fcede-7a23-c1bc-8d36-192983373b02,64,690109,690109,690335,690567,226,226,0,0,0,0
690786,2c9de90a-b805-ae3c-4312-5b58e2a868e7,64,594338,594338,690786,691913,96448,96448,0,0,0,0
692526,578cd875-d231-f372-bfb0-942cac777762,64,673420,680010,692526,685533,12516,19106,6590,0,0,0
693096,117e894e-91fa-f1c7-8141-bb373de814ac,64,693036,693036,693075,693824,39,39,0,0,0,0
693216,beb5ba0f-1e29-64f1-709a-dc958bbec119,64,693064,693096,693161,693568,65,97,32,0,0,0
693216,d0ef0cd4-5e6e-e398-cff1-b675e6fb976b,64,693139,693156,693195,693701,39,56,17,0,0,0
694058,af1e0ecd-c555-f30a-4985-8ab5c54f447e,64,693078,693096,694058,694332,962,980,18,0,0,0
694836,89207bc4-8439-9ed9-5a64-845ef49816ad,64,693194,693216,694836,694595,1620,1642,22,0,0,0
694932,bfb8abb9-a18c-5492-74e0-079a98fb4727,64,671521,688338,694932,696110,6594,23411,16817,0,0,0
696585,8591a818-91fb-8925-f511-24380d892ced,64,620138,640781,696559,650946,55778,76421,20643,0,0,0
696817,65adafab-2a07-a58d-d43b-bf74e609456a,64,628081,667169,696817,712997,29648,68736,39088,0,0,0
698650,4e8172da-4a8d-4853-b6bb-cd585cdb7eda,64,599474,599474,698650,645527,99176,99176,0,0,0,0
699794,ed113faf-0e3f-4912-6405-d362719deadd,64,627571,666385,699794,693482,33409,72223,38814,0,0,0
700893,6e52b671-bba8-a7e5-49d0-aac1a78eb37c,64,699563,699563,700893,704691,1330,1330,0,0,0,0
702769,2767ec01-6e8b-ebd6-afcf-7c8ed5b1f09d,32,702302,702302,702734,703401,432,432,0,0,0,0
702909,82ec0fc3-7c0a-5867-fcce-521367899d92,64,702709,702709,702909,703795,200,200,0,0,0,0
703786,3f068051-187e-b974-1fe3-61117c7b5816,64,702324,702362,703778,703748,1416,1454,38,0,0,0
703868,4fa3baf6-48f3-68ba-2697-64976cfb6acc,64,703501,703501,703868,708181,367,367,0,0,0,0
704436,79810edf-5b8e-76fd-aa29-ee4cf2db83c8,64,703666,703666,704436,704873,770,770,0,0,0,0
705340,2de1bda4-6a92-d47b-5154-00a60283a43b,64,705025,705025,705340,705851,315,315,0,0,0,0
705400,87eb754a-995e-f5bd-8465-3d5fa51f4e7c,64,704816,704816,705400,705699,584,584,0,0,0,0
706448,c179c596-d772-e63e-f670-0a627506d74c,64,706307,706307,706448,707676,141,141,0,0,0,0
706680,df996726-5c36-6f5c-a23f-3abf0441e22c,64,706309,706367,706680,710995,313,371,58,0,0,0
706823,90a014ab-4ca1-cabd-8565-0e0bd5c97d5d,64,706578,706578,706823,707298,245,245,0,0,0,0
707078,73dd8d31-40e1-0b51-1128-58041243161c,64,703315,703315,707078,708843,3763,3763,0,0,0,0
707803,b9787c4b-09aa-5570-9be9-50c7147d7bfc,64,703331,703375,707803,707771,4428,4472,44,0,0,0
707945,2740a29d-f7d7-5510-ffa7-2ae11139dd0f,64,707848,707863,707945,708929,82,97,15,0,0,0
708107,d8feb8de-6779-7b58-82ab-23a0fc862110,64,703083,703083,708107,709340,5024,5024,0,0,0,0
708557,994316bb-d4d3-53a5-de1f-1619467ba9e5,64,708459,708496,708557,709365,61,98,37,0,0,0
708617,7237e20d-62fe-fcae-d97e-b35599870266,64,703669,703726,708573,719086,4847,4904,57,0,0,0
710336,5bcc7bfb-40e6-4eed-e414-f2c5d9743ff0,32,708850,708850,710336,715232,1486,1486,0,0,0,0
710432,f997f697-6fcd-df50-a86d-e2517c98756f,64,708134,708167,710432,717035,2265,2298,33,0,0,0
710718,d147a0bf-2d7f-fe23-e29f-f19c29b50942,64,708436,708436,710702,712541,2266,2266,0,0,0,0
710778,da42698b-fbc0-53a8-4708-cf0f8b490e26,64,710658,710658,710727,711228,69,69,0,0,0,0
712067,e552d0a8-b66f-3507-e588-b999971eea39,64,707831,707863,712067,731150,4204,4236,32,0,0,0
712335,461fe028-f727-ee90-1ba1-68b8a3840e2b,64,709234,709234,712325,716833,3091,3091,0,0,0,0
712609,82f552c8-9ae6-6149-9a69-78cf51589375,64,712275,712275,712609,714820,334,334,0,0,0,0
714069,dc32f8a0-6a75-80e2-ce52-309da46a07c2,64,713835,713869,714069,714495,200,234,34,0,0,0
715952,b58f67b6-deda-028b-e232-0dc95bf6f06d,64,715429,715429,715952,721602,523,523,0,0,0,0
717104,2d1368f3-0580-8066-322c-3dae2db4e428,64,713305,713305,717104,717851,3799,3799,0,0,0,0
718705,88addab1-d765-4a18-e4d4-66ebbf74531c,64,696525,696525,718705,740111,22180,22180,0,0,0,0
719546,ef252aa8-44a9-844f-a10e-193140686515,64,718107,718107,719546,719985,1439,1439,0,0,0,0
719822,a90e319d-637e-3f94-110c-8d920222305d,64,716319,716319,719822,721430,3503,3503,0,0,0,0
719914,f75ef2cf-153d-5754-f086-424afbfbd9f9,64,716354,716379,719914,720646,3535,3560,25,0,0,0
720446,c3e3c148-06e2-e861-957e-dc3cbdf774c8,64,711581,711581,720446,722181,8865,8865,0,0,0,0
721024,419b7333-9b8c-e31b-c111-61a7339b2275,64,716259,716259,721024,719787,4765,4765,0,0,0,0
722587,1874ed7d-9190-c53f-b2d2-570a2ef634f2,32,720556,720585,722587,729400,2002,2031,29,0,0,0
722647,af4637b3-c9a6-2c37-3507-8c5dcb62f5b6,64,722020,722020,722589,723104,569,569,0,0,0,0
723895,2944e059-bafa-34da-69e8-fe2a879f22eb,64,721582,721582,723895,738783,2313,2313,0,0,0,0
725529,d5108bc0-2f9e-1ddb-3302-8b32230da680,64,720525,720525,725529,743062,5004,5004,0,0,0,0
725737,115c42cd-5147-6e86-2875-d40aeac7dc2e,64,725338,725338,725737,725876,399,399,0,0,0,0
725804,290c9e51-80d7-f805-2c6f-c084c04a3f68,64,725387,725398,725804,726595,406,417,11,0,0,0
725864,67e2020e-f11f-1e97-3546-1a1c5a5a5dac,64,722642,722647,725850,741045,3203,3208,5,0,0,0
726988,cfcae6b9-75a8-c1d7-ab5e-ebe91478e20e,64,723500,723895,726988,744356,3093,3488,395,0,0,0
727696,65ef2c84-c06e-6481-9963-37aa9c4e1662,64,727499,727499,727696,728159,197,197,0,0,0,0
727816,25dbbe8d-a534-9425-aa69-b7f7b28d7cb8,64,727743,727756,727799,728495,43,56,13,0,0,0
729389,4083ff8f-e10a-5f9f-6e2c-219ab50f2f5c,64,721319,721319,729389,740703,8070,8070,0,0,0,0
729569,ee265c95-90f1-c7ee-160a-5654b2403468,64,729421,729449,729557,730344,108,136,28,0,0,0
729629,1d57e734-31bf-5cf6-40b3-af7cd5b211a9,64,729455,729509,729612,730378,103,157,54,0,0,0
729849,bf4d4bd8-7222-9838-c5cf-dce6e7b4dcd3,64,721867,721867,729849,749283,7982,7982,0,0,0,0
729923,9e90d107-0611-3bfe-08b6-f61d316da914,64,729051,729051,729923,732249,872,872,0,0,0,0
729983,4badb973-1ed0-1243-9ae6-9d9798fb7955,64,722268,722268,729929,733142,7661,7661,0,0,0,0
732301,71414f58-db8e-c35b-3c83-861eddf0a0a2,64,731996,732047,732301,734293,254,305,51,0,0,0
733399,603ecfef-2141-9a14-9acc-b00ddb3fb4a2,64,731987,731987,733399,744875,1412,1412,0,0,0,0
733726,bb1fdb98-6f5a-181a-b1ca-a64c93727484,64,732882,732882,733726,736936,844,844,0,0,0,0
735524,505c7527-dc57-546d-8c3d-031ab3952193,64,730611,730611,735524,734194,4913,4913,0,0,0,0
736503,a01d9aeb-5206-0f1c-630b-f0db1454578f,64,736242,736242,736503,737432,261,261,0,0,0,0
736819,141b9098-8892-77fe-cf2e-45efabbe274a,64,736154,736154,736819,739482,665,665,0,0,0,0
737494,74cd4a41-5e07-2fb2-9919-be9116a26e58,64,723216,723216,737494,743445,14278,14278,0,0,0,0
737554,5ea0c503-3d7a-774e-74c9-c3ad4e19392b,64,722931,729923,737511,768783,7588,14580,6992,0,0,0
738723,b3700e92-92f1-da69-674f-6635f236b2ee,64,738478,738537,738723,739547,186,245,59,0,0,0
739144,399e4d08-cf77-98cc-ef36-feb1bb8f7b2b,32,738477,738477,739144,742227,667,667,0,0,0,0
740305,9c2b4ca9-be2f-7685-8a8f-fb2c1ff71e8c,32,739631,739631,740305,742217,674,674,0,0,0,0
740759,d0713654-25cb-49de-4add-f902c46ea4cd,64,737565,737614,740759,749539,3145,3194,49,0,0,0
741324,58eb3e59-f9a1-de3f-8f72-d6afe825049a,64,741147,741147,741289,744381,142,142,0,0,0,0
741384,77dd362b-4a6b-836b-157f-108b86514886,64,737533,737554,741373,754624,3819,3840,21,0,0,0
741775,ab09ec62-8e46-1d8b-b555-d6ee40571cf3,64,741428,741444,741775,742505,331,347,16,0,0,0
742031,5ed560c3-7afe-b17e-cf9b-6d33be00565d,64,618409,645133,742031,691902,96898,123622,26724,0,0,0
743300,420fd9a8-d45b-4e9b-b61e-c0ed8ddd2994,64,741804,741835,743300,746348,1465,1496,31,0,0,0
743793,866cfb2b-3754-f16f-4d79-132cf362d408,64,743625,743625,743793,745777,168,168,0,0,0,0
744183,6be26493-c32a-eb1b-a4dc-6a67a6d18c91,64,741305,741324,744183,745974,2859,2878,19,0,0,0
744260,ba89eda3-7eb6-af51-edc7-8d7ba63f89b5,64,741284,741324,744260,748384,2936,2976,40,0,0,0
744475,4a832ab5-57c8-50b0-9a73-cd2f4f05495e,64,742536,742559,744475,745539,1916,1939,23,0,0,0
745253,4a85fbd1-c22a-6772-7cbf-f645cb61716c,64,744963,744963,745253,747732,290,290,0,0,0,0
746123,f56febb1-484b-824b-c06e-10295b4d5bbf,64,745735,745735,746123,746981,388,388,0,0,0,0
746816,3f46057b-7165-e36b-f997-c779c56f05e6,64,746243,746243,746816,748046,573,573,0,0,0,0
747022,f92b7b46-c17d-049c-6253-4b28e47919dd,64,741264,741264,747022,747415,5758,5758,0,0,0,0
748628,0ef473a2-900d-df16-00e0-32006197337c,64,748317,748375,748628,751522,253,311,58,0,0,0
749889,72e588e9-4b4f-3b2e-3189-10ecf6dbb2b6,64,749384,749384,749889,752746,505,505,0,0,0,0
751638,3d57ee27-33da-efc1-0d47-e26d1ef7a52e,64,746509,746509,751638,762137,5129,5129,0,0,0,0
751821,03200c4e-40cb-e188-c3f0-fac39f601d17,32,742499,744183,751821,778796,7638,9322,1684,0,0,0
752403,9cc3c1f5-9129-bc75-9b08-e5a844511ba0,64,713809,713809,752403,754270,38594,38594,0,0,0,0
753407,dcb9d394-e8ac-64c4-b6b9-824010416cbc,64,748315,748315,753407,766277,5092,5092,0,0,0,0
755122,0f14f86c-2b50-1ad7-adb9-4a81684344a1,64,749415,749444,755122,765251,5678,5707,29,0,0,0
760769,c125798e-9bd6-5690-e8f9-4c8806a76b07,64,760513,760541,760769,762792,228,256,28,0,0,0
760858,a7641ff1-ce8a-9e7f-be99-919ec696e772,64,757961,757988,760858,763081,2870,2897,27,0,0,0
760953,7f151663-189b-5535-83cf-ed3bb32f7256,64,758012,758048,760953,762497,2905,2941,36,0,0,0
761617,09b2eae6-54eb-4c91-b784-ae08758fc8fa,64,757868,757868,761617,760871,3749,3749,0,0,0,0
763732,a7728290-78d5-40ef-030b-4532a7c24c68,64,757975,757988,763732,763392,5744,5757,13,0,0,0
765593,bd66c203-ddc8-ca37-35b7-215ecd68cb39,64,757900,757928,765555,766472,7627,7655,28,0,0,0
765731,664d49fa-94b5-9339-84c1-1826d910498c,64,765478,765533,765731,766009,198,253,55,0,0,0
765839,a6091ad0-b114-64aa-52f6-9081400564b8,64,765181,765181,765839,767582,658,658,0,0,0,0
766539,42186e6d-ab24-f74a-9f2b-e8ba3f05344c,64,766167,766167,766486,768359,319,319,0,0,0,0
766539,bf8ff33e-ee15-95cf-35a3-7765bfacc63e,64,765487,765593,766508,767816,915,1021,106,0,0,0
767036,5e48245a-b19d-ab55-e5ce-fa0f8671e213,64,765473,765473,767036,767871,1563,1563,0,0,0,0
767396,0ce87570-b4d6-f3e6-1aa9-0d26ab636d66,64,760481,760481,767396,766141,6915,6915,0,0,0,0
768003,8129aa0c-40ef-a857-015f-566c0ba6aa86,64,757934,757988,768003,767337,10015,10069,54,0,0,0
768214,ae2e7dd2-19a2-a602-28a3-d3a35fdd67bb,64,768137,768137,768214,769038,77,77,0,0,0,0
769526,83f38f4e-faf3-6aec-1e0a-71570d6ed01e,64,747071,747082,769526,777390,22444,22455,11,0,0,0
770125,26331cc6-cbee-d3e3-1cd8-89e231979167,64,769568,769586,770072,770622,486,504,18,0,0,0
770245,aa528f85-01d9-9b33-f488-e328c075e119,64,770178,770185,770229,771131,44,51,7,0,0,0
770487,c2a59d7b-2bd3-d971-6b10-b78675656daf,64,770392,770425,770487,770940,62,95,33,0,0,0
770556,4b27b079-5c5d-3f1b-54c0-c6c254f6516e,64,770290,770305,770556,770807,251,266,15,0,0,0
770616,c438eae0-b5d0-b595-a4f8-9e23af39f2ce,64,770356,770365,770593,770961,228,237,9,0,0,0
770729,af5a7636-e8b8-d252-9670-cd19383e69a4,64,770222,770245,770729,770993,484,507,23,0,0,0
770789,e36345fc-899f-7cfb-ef6f-5d6a09ed1c7c,32,770357,770556,770748,771436,192,391,199,0,0,0
770849,d4721e33-885c-c793-00da-b7f849d5182c,64,770105,770125,770794,770843,669,689,20,0,0,0
770849,1b9c67e0-81c8-2e2b-ed48-6d9ae69f1f78,32,770316,770556,770805,771582,249,489,240,0,0,0
770969,7b874b4a-cafb-c4fe-531f-04afb93c92d5,64,770042,770065,770938,773784,873,896,23,0,0,0
771264,205d8635-cc87-858c-3b57-45dfe0345e68,64,629087,690786,771264,732664,80478,142177,61699,0,0,0
771324,abd13f1a-3d20-1440-00cf-a44d1b7db566,64,770979,771029,771278,773592,249,299,50,0,0,0
771684,054046cc-16d5-0b84-661f-7117dd926cbf,64,766528,766539,771684,772208,5145,5156,11,0,0,0
771807,10fab909-fcfa-1e61-6b7d-71bc17956e87,64,770850,770969,771807,782524,838,957,119,0,0,0
771867,cd4c01b3-33e4-0ea9-7aaa-f675b807eb46,64,771426,771426,771865,772608,439,439,0,0,0,0
771987,6e935615-38da-9a90-170f-ad328135f15a,64,770909,770909,771983,773370,1074,1074,0,0,0,0
772166,c09d557f-bc44-1fbc-edb6-8854baae905c,64,772085,772085,772166,772724,81,81,0,0,0,0
772226,7ccd3dc0-740a-5bed-5323-8affe1e538a1,64,771588,771588,772197,773604,609,609,0,0,0,0
772924,f5a98c9a-6a71-dec5-2162-d1b7769ac892,64,771899,771927,772924,774987,997,1025,28,0,0,0
773068,757e2b43-af51-6850-b77e-5f7a80a233e3,64,766479,766539,773068,770560,6529,6589,60,0,0,0
773579,344a21b7-dfff-8cea-2687-0a987f0f6662,64,770005,770005,773579,774896,3574,3574,0,0,0,0
773680,75fa0ebe-e4e3-9c20-043f-1b5f3d958061,32,773234,773260,773680,776233,420,446,26,0,0,0
773899,bdd4c1f2-71b8-6ce0-e347-2e25ba5498fd,64,746882,746882,773899,798431,27017,27017,0,0,0,0
774167,4e2da257-8074-a1ed-4ea4-ae7336955a61,64,670537,692526,774167,765594,81641,103630,21989,0,0,0
774287,8ccc617e-81b6-6951-4cdf-697f4eca2e96,64,772364,772364,774260,778982,1896,1896,0,0,0,0
774914,d14b049b-79de-06cb-3150-c32387826633,64,772566,772566,774914,777888,2348,2348,0,0,0,0
775259,cec3a6f4-9262-c536-e14e-21f714f16d92,64,773200,773200,775233,780249,2033,2033,0,0,0,0
775319,4603c9ee-d463-c183-a231-72118578b1c6,64,774021,774021,775307,784256,1286,1286,0,0,0,0
775548,9691f45d-10bb-794e-2cef-755790ad07c6,64,775201,775259,775548,781359,289,347,58,0,0,0
776088,a8835c66-1eca-e0c0-04c7-2b2ae598e5c2,64,774025,774081,776088,784903,2007,2063,56,0,0,0
776894,5d316263-4959-2f6e-0c1b-7e93be162e89,64,775199,775199,776894,789057,1695,1695,0,0,0,0
778105,fb04c6b1-022b-a960-4f00-ba6af189d0b1,64,777477,777477,778105,779493,628,628,0,0,0,0
778239,24a167fd-34c6-ea9b-207c-0594b13e655f,64,710065,710065,778239,750060,68174,68174,0,0,0,0
778369,6e4c1501-808f-8cb9-659d-12db268f090a,64,774188,774227,778369,780384,4142,4181,39,0,0,0
781787,10fd7164-819f-2393-42ce-ef41b2cfba8b,64,777508,777537,781787,795337,4250,4279,29,0,0,0
782352,52b3a0d1-1727-8924-2508-f357474a3674,64,779776,779776,782352,783265,2576,2576,0,0,0,0
785808,99487f82-1831-b802-c3c2-aee62ee94ed9,64,779468,779468,785808,786437,6340,6340,0,0,0,0
813800,df1e04cb-ca34-2e3c-2f58-9a8167c5b29b,64,709690,710778,813800,805046,103022,104110,1088,0,0,0
819364,5502ec67-42da-1572-4278-f61e17f2029c,64,818454,818454,819364,829678,910,910,0,0,0,0
819949,33f60730-9665-df7c-4f70-b88bf06c69d9,64,819745,819745,819949,821288,204,204,0,0,0,0
821545,137b41c2-5f71-31e1-e05e-ad1cbde9a6a8,64,820853,820911,821545,825373,634,692,58,0,0,0
821882,f5239f95-6ac6-6272-c875-7d0612037b06,64,819779,819805,821882,823960,2077,2103,26,0,0,0
823884,a2ded1de-c302-40d5-a214-5243f5d23fc6,64,812794,812794,823884,857048,11090,11090,0,0,0,0
824741,230f1e69-034d-42fd-24ca-abcbd2c4c286,64,820851,820851,824741,832516,3890,3890,0,0,0,0
826428,959677e9-35c4-be08-46a4-7588a676ace1,32,705696,707078,826428,809109,119350,120732,1382,0,0,0
834101,a801f15e-7046-425d-fd47-4d951bd36f41,64,833803,833803,834101,834921,298,298,0,0,0,0
842729,d86f4bb4-aefc-6ef1-c4bb-4aced0c8da67,64,842591,842591,842729,844450,138,138,0,0,0,0
842789,ba266e87-432f-174f-91b7-2a5c10dd6f06,64,842593,842651,842741,843240,90,148,58,0,0,0
842949,fa3bc921-c484-4743-cc8b-a7603e3a0dfc,64,841911,841911,842941,844911,1030,1030,0,0,0,0
843252,9bcfe969-473f-b005-266c-3392396c6135,64,842889,842889,843252,844307,363,363,0,0,0,0
843354,cd693dab-eb4b-2c0c-0fdf-60d520a62f9b,64,841990,841990,843354,845562,1364,1364,0,0,0,0
843414,bd03d33b-eee9-795e-a308-6e48e4e5b5b0,32,843114,843114,843387,844198,273,273,0,0,0,0
843736,8a73483e-26ec-d1dc-b751-68f6c0485d0b,64,843525,843583,843696,844281,113,171,58,0,0,0
843796,fa2c9e79-2758-4f1a-239e-5593ec11a44d,64,843565,843583,843763,843915,180,198,18,0,0,0
843856,d5963842-567e-8c74-bd92-232a4fbb831a,64,843523,843523,843821,844180,298,298,0,0,0,0
843917,d577c131-08b9-2ed4-de94-da10205b9db8,64,843835,843856,843917,845023,61,82,21,0,0,0
844019,1ceb08fe-f2de-b798-b31a-25b55fecaa6e,64,843676,843676,844019,844486,343,343,0,0,0,0
844479,8fc45e9e-b60a-fa9c-be8c-ea8a255c4297,32,844057,844079,844479,846084,400,422,22,0,0,0
844627,ed3353fc-692c-aaae-44ed-98e280714c8a,64,844213,844213,844574,845413,361,361,0,0,0,0
845129,1ab9f662-1bc0-2912-4519-72c431d9dd32,64,844725,844725,845127,845459,402,402,0,0,0,0
845309,3b7039b0-789a-9f00-9933-ca27a0e85f89,64,845069,845069,845279,845453,210,210,0,0,0,0
845369,58f42098-591c-c524-953b-0f1fea3e072a,64,845110,845129,845332,846411,203,222,19,0,0,0
845555,c33ffef7-64bf-2e8c-9033-89b46ce052ef,64,845174,845189,845555,848566,366,381,15,0,0,0
845861,ba8f4592-37ea-3bed-7866-9ba9044ffc73,64,845665,845665,845813,846624,148,148,0,0,0,0
846329,e729b06f-a5db-8ca3-5630-202155afb783,64,845244,845249,846329,850491,1080,1085,5,0,0,0
846410,126301a0-641c-b619-6430-58d9c1f98e90,64,845733,845733,846410,847082,677,677,0,0,0,0
846579,4cdbf99e-ebe9-8dd4-e80d-9169c24489e1,64,844950,844950,846579,849287,1629,1629,0,0,0,0
846639,cb53f0be-5e7b-4866-d270-54706a7be8b1,64,845801,845801,846625,857590,824,824,0,0,0,0
847243,eaadcb2f-0f89-2df6-f97a-822c15e59a0f,64,846128,846182,847243,850048,1061,1115,54,0,0,0
847483,1e5c5da8-d087-edcb-be94-f1cb075cc8eb,64,847366,847366,847483,848278,117,117,0,0,0,0
847543,d2376d22-9565-bc2f-8cf7-0470fda8977a,64,846723,846723,847529,848356,806,806,0,0,0,0
848250,eb680076-96f5-f9cb-9e87-ad6d6db3bda5,64,847948,847948,848238,850275,290,290,0,0,0,0
848310,cccf4d37-0714-4da9-4e67-4f72627f34eb,64,848190,848190,848276,849147,86,86,0,0,0,0
848370,c95bc917-1c01-160c-ecc9-d15ae10b3781,64,848000,848008,848312,853574,304,312,8,0,0,0
848585,31116b6a-4b38-a57b-2fdc-4da3aee51b7a,64,846122,846122,848585,857524,2463,2463,0,0,0,0
848752,dd69a596-2dba-333f-4a12-c64f921c5875,64,848645,848645,848752,850112,107,107,0,0,0,0
848985,f198f62e-5c9d-3ead-aea4-91fccb6b6306,64,848916,848925,848965,849609,40,49,9,0,0,0
849089,c8347776-04ca-c3d1-3506-e337683d21a9,64,848865,848865,849089,849561,224,224,0,0,0,0
849151,1053adba-25db-78d1-b4d0-aaeade19893e,64,848954,848985,849151,849700,166,197,31,0,0,0
849395,8c2aa0b1-8982-cbf8-64e2-89c098be5ff0,64,846213,846242,849395,861945,3153,3182,29,0,0,0
849969,3242f61c-ea3d-19b2-c319-8f412467f4a3,64,849694,849696,849969,851131,273,275,2,0,0,0
850029,2d90e4ee-0de4-833e-12c0-620c1667c518,64,849750,849756,850016,851087,260,266,6,0,0,0
850122,50d3802d-b876-a455-88b3-152d845a91b8,32,847072,847072,850122,867983,3050,3050,0,0,0,0
850182,ba68e69f-2c8b-2151-e179-2fcde658eb6a,64,849657,849696,850175,852365,479,518,39,0,0,0
850182,b1b9fd9d-db58-3dd9-20f3-6e9238ec71aa,64,850012,850029,850179,850925,150,167,17,0,0,0
850583,7c8b7f1e-5bf8-8967-b057-fcd4a1701e8e,64,850390,850390,850583,851851,193,193,0,0,0,0
850775,b5ed7ce8-2ddf-2675-1235-d52e16d7ba54,64,849712,849756,850725,857946,969,1013,44,0,0,0
851105,f9cc596e-37e7-5948-8903-c8c72e8992cc,64,850933,850933,851105,853075,172,172,0,0,0,0
851274,1f89cec2-9dfe-19d2-a87d-2106dbfbfea4,64,849636,849636,851274,858088,1638,1638,0,0,0,0
851577,93162f53-e70a-f828-26a4-cbefa437199c,32,851277,851334,851577,851940,243,300,57,0,0,0
852045,f8205c5f-17c5-22e0-1fe9-048dd08308b0,64,850715,850715,852045,855800,1330,1330,0,0,0,0
853572,4d4ef3fa-bfcf-f645-a301-767aed6cbe79,64,853183,853183,853572,855012,389,389,0,0,0,0
853899,9ea6ed4a-04ca-d30a-e207-db202f7f2cd7,64,853644,853644,853899,857165,255,255,0,0,0,0
856511,61127927-cd6a-ee30-0567-f81fb8e3fb43,64,854402,854402,856511,858149,2109,2109,0,0,0,0
856797,2a29e752-f139-e895-aa25-a5788cea3275,64,515683,515683,856797,1008856,341114,341114,0,0,0,0
863026,f42973f5-d1d1-8e0b-27e7-a6bdc2a49fd8,64,844567,844567,863026,855334,18459,18459,0,0,0,0
874844,d0d70956-2205-f294-7319-c9c052d61c9a,64,831015,831015,874844,1003463,43829,43829,0,0,0,0
877457,bf00f56c-6a49-89a6-8ee2-5e54bfcb3388,64,829536,829536,877457,922879,47921,47921,0,0,0,0
879767,5c798b20-da7a-9b4f-f50b-1168505fc360,64,870109,870109,879767,918679,9658,9658,0,0,0,0
889459,93432c76-d604-ae9f-31ed-10f544e928ac,64,831105,831105,889459,903580,58354,58354,0,0,0,0
893389,dc63a196-9463-20bc-6f68-d3b34ef97a7d,64,871635,871635,893389,895740,21754,21754,0,0,0,0
894109,7060ee63-1927-9b44-ce2c-f16bf3fd9e32,64,892968,893006,894109,901873,1103,1141,38,0,0,0
894715,f540838e-1333-1679-9b5c-4b589c425665,64,892972,893006,894715,902836,1709,1743,34,0,0,0
894775,f9c3ee05-0012-d399-a7af-55453d3fec1b,64,892983,893006,894758,902967,1752,1775,23,0,0,0
895425,5fc97e64-9987-2384-2798-879be9a11cc0,64,893045,893066,895425,900551,2359,2380,21,0,0,0
895758,637b3648-d617-b9c0-a449-d64f922ddab6,64,893081,893126,895758,901831,2632,2677,45,0,0,0
897099,4679fe6e-9177-9972-4207-291eb3167953,64,892975,893006,897099,905292,4093,4124,31,0,0,0
897245,683c3806-c12a-dc55-4072-8ad4002072c6,64,892960,895425,897245,907146,1820,4285,2465,0,0,0
899491,b1cbe822-cbee-1876-1d87-6a3e94d6cbb0,64,893051,895758,899491,909245,3733,6440,2707,0,0,0
899579,25e050f6-b273-f93c-1cad-a48a46a42ee1,64,892969,893006,899579,903101,6573,6610,37,0,0,0
899917,19e79a3d-e920-4a24-4304-93f0d7c713b7,64,892872,892872,899917,904036,7045,7045,0,0,0,0
901106,f47bffba-f561-1747-42d2-2c7408ea6671,64,893048,894715,901106,905879,6391,8058,1667,0,0,0
901315,5f8a2e3c-1e9d-095b-d17a-d9bdb1ba0bea,64,893111,894775,901315,906566,6540,8204,1664,0,0,0
902538,ac0d8818-8349-c078-bc4b-2732a170920c,64,892973,899579,902538,915538,2959,9565,6606,0,0,0
902984,6c5495bf-f88f-8979-30d7-509da551524c,64,893050,899917,902984,917502,3067,9934,6867,0,0,0
903244,bb3f4297-1033-5eb4-7acf-41f0902fe243,32,892961,899491,903244,912067,3753,10283,6530,0,0,0
903555,cdba8621-da62-a307-d753-ba9908087cc4,64,892970,897245,903555,911523,6310,10585,4275,0,0,0
903899,03b68657-4777-be21-7677-a166d644e9ae,64,893053,897099,903899,911498,6800,10846,4046,0,0,0
904166,732fc932-ab96-2697-c1e1-f813747ac231,64,892946,892946,904166,918518,11220,11220,0,0,0,0
905516,f4fd25b7-384f-6e3b-8680-4a8a515f352c,64,887832,887832,905516,920395,17684,17684,0,0,0,0
906261,84274378-b40d-8aef-a0ba-614204c32fed,64,893052,899491,906261,913499,6770,13209,6439,0,0,0
909992,412817eb-2246-29cd-6cec-df821903f9b3,64,909236,909236,909992,910001,756,756,0,0,0,0
912074,0c754a17-0131-c601-9923-fc7a0d6b160f,64,911883,911883,912074,912970,191,191,0,0,0,0
914669,8331d711-5de2-2a7d-70da-152821051c60,64,914576,914576,914669,915362,93,93,0,0,0,0
922976,7b1dbca3-2286-e3f8-c314-96ea2160446e,64,912247,912247,922976,922880,10729,10729,0,0,0,0
928452,0a58f43c-5bda-0655-f06d-ca247bc6e121,64,928201,928201,928434,929121,233,233,0,0,0,0
928911,08252b39-1947-ea42-310d-c9d17c413a2a,64,928226,928261,928876,929987,615,650,35,0,0,0
928971,565f2ea8-0a03-c8cd-870b-230ceb044ecb,64,928851,928851,928917,929763,66,66,0,0,0,0
928971,9d091856-4b3d-d578-cc69-a8cae32ffec3,64,928392,928392,928952,932805,560,560,0,0,0,0
929031,02dabd76-f310-2525-f517-9e725f857b21,64,928439,928452,929021,932875,569,582,13,0,0,0
929436,79477aa8-0f1c-0455-c71b-3b67d907a314,64,929134,929134,929436,930292,302,302,0,0,0,0
929579,ab30f1b1-bb4c-5947-4748-b576fe3a4f96,64,929519,929519,929571,930653,52,52,0,0,0,0
929703,15661feb-05c5-bf8d-321a-6c3f47263c24,64,928886,928911,929703,931436,792,817,25,0,0,0
930452,debf96d3-c64a-b8bf-f4aa-e84ad5382419,64,930272,930272,930424,930986,152,152,0,0,0,0
930452,764f6842-f955-3aad-b5e0-bcbf5420d149,64,930347,930392,930435,931311,43,88,45,0,0,0
930512,6448a3d5-d576-7137-d456-e29d91c631cf,64,930377,930392,930464,931373,72,87,15,0,0,0
930671,852393d7-9a5d-376e-602b-a25601dbeb73,64,930376,930392,930622,932526,230,246,16,0,0,0
930671,2ab05af8-87e7-19e2-ff46-d9d3f2794e8b,64,930380,930392,930659,931384,267,279,12,0,0,0
930671,af5235bc-f8ab-33f4-f2f9-ade159debc39,64,930340,930392,930666,930968,274,326,52,0,0,0
931026,8082a0ee-dbe8-1d7a-c907-03e848841707,64,930611,930611,930978,933374,367,367,0,0,0,0
931026,32b6f533-c5cc-0fb0-e1a6-2208a1f40627,64,930855,930906,931019,931458,113,164,51,0,0,0
931146,3d0d3ffd-67e6-d49a-3c73-013b99ea5bbd,32,930948,930966,931107,931701,141,159,18,0,0,0
931206,720f2288-0760-9502-739f-51c3490ec6f3,32,930306,930332,931196,932851,864,890,26,0,0,0
931266,71a84189-565b-b785-b8f9-85fc69598983,64,930339,930452,931207,933377,755,868,113,0,0,0
931386,e44cbd41-ce36-e92a-58e9-d0aac1b6edd4,64,931249,931266,931375,931785,109,126,17,0,0,0
931448,8fa8ae34-3233-9053-9242-ba54a6f9c0e1,64,930883,930906,931448,932145,542,565,23,0,0,0
931519,9136d4ad-f27e-8ce7-2b8d-2c495e3003e1,64,931142,931146,931519,932549,373,377,4,0,0,0
931810,2851a8be-2639-e214-45cc-aa931e1e5d91,64,931219,931519,931810,934186,291,591,300,0,0,0
931870,e1568c60-1205-e9cc-2757-59a074516c96,64,930371,930452,931850,932783,1398,1479,81,0,0,0
932201,5eb38ef5-b240-70ca-2b05-61676a478ddf,64,930342,930512,932201,933705,1689,1859,170,0,0,0
932340,7fab9b07-1e30-7f10-19d5-6f424c589a8e,64,929746,929763,932300,933908,2537,2554,17,0,0,0
932340,edda1677-4e08-ab81-ec4d-6c0037abaaf8,64,930846,931810,932304,934205,494,1458,964,0,0,0
932642,69bba3c4-6cc7-21f0-82ba-0fed1b8dc821,64,932288,932340,932591,935439,251,303,52,0,0,0
932762,9caf4bfe-7ff8-a2c6-b79a-566b2e1482be,64,932438,932438,932745,932934,307,307,0,0,0,0
932849,3016cecc-9b9a-3a55-aff7-45a064ea1dd3,64,932522,932522,932849,933406,327,327,0,0,0,0
933011,a190aa44-a888-7521-845c-10ea1d842e8f,64,932853,932909,933011,934057,102,158,56,0,0,0
933210,6986305a-5da3-f9cf-4ed0-730d711dc1dd,64,931081,932201,933210,935497,1009,2129,1120,0,0,0
933270,0b45cb04-e5bc-89c0-93a6-9684036599fc,64,929365,929365,933256,935479,3891,3891,0,0,0,0
933336,ad5406bc-7209-8a7b-d975-a56289d56357,64,932577,932582,933336,934088,754,759,5,0,0,0
933396,eb3cc270-e188-d3d7-a573-dc3049b49625,64,929262,929262,933338,933862,4076,4076,0,0,0,0
933396,366b3575-d07a-9518-912c-f322735e8153,64,931278,931326,933388,932869,2062,2110,48,0,0,0
933529,293e16b3-cefd-1224-736c-c67ee886818e,64,932659,932702,933529,933619,827,870,43,0,0,0
933824,0b9d55cd-52c1-e256-e5b7-7f49a5b95c1a,64,930863,932340,933824,936498,1484,2961,1477,0,0,0
934029,9bd972ca-0086-2f9e-ec19-1606a57d4eb4,64,930628,933336,933994,945693,658,3366,2708,0,0,0
934814,46586cb2-6fdb-ab51-ef7b-80f1c2be7bac,32,933961,933969,934814,936865,845,853,8,0,0,0
935105,07b4e684-8ef6-5ee8-da5a-8bc373315c49,64,933622,933654,935105,935012,1451,1483,32,0,0,0
935178,d6c34b19-b4a3-5c95-d466-99843ecb1bd6,64,935013,935013,935178,935955,165,165,0,0,0,0
935378,3ba4807e-4565-5d2d-fdb2-69e56c9dda26,64,890771,890771,935378,923720,44607,44607,0,0,0,0
936450,5c7ae8ef-c324-5e35-7eed-cc6522cb2720,64,932280,933270,936439,942064,3169,4159,990,0,0,0
936850,8208fd42-209c-e4a5-931e-1d4d9abc9859,64,936390,936390,936850,939036,460,460,0,0,0,0
936910,bbfecb11-f060-46a1-d2d1-2566fc829c09,64,936718,936718,936888,939931,170,170,0,0,0,0
937875,a605b7c9-fb07-ee93-0a37-31ab0be3534a,32,937375,937429,937875,940367,446,500,54,0,0,0
938379,a3708c7f-d235-25df-fbf8-b1fe3232be72,32,936742,936778,938379,946440,1601,1637,36,0,0,0
938439,8be27516-342c-5348-363d-75f189bab9c8,64,937236,937236,938402,939889,1166,1166,0,0,0,0
938439,e7f8daa8-104c-9b6e-eadf-1b58d4a84169,64,933594,933594,938430,940234,4836,4836,0,0,0,0
938537,5f843666-831f-fc00-9490-029d3e1e0693,64,935262,935262,938537,974047,3275,3275,0,0,0,0
938758,a2307350-5047-1a3d-e3c4-43f16010ab93,64,936971,936971,938758,950361,1787,1787,0,0,0,0
939170,d4488069-5a9b-63f8-ba09-a484556ed0d1,64,937369,937369,939170,960054,1801,1801,0,0,0,0
939946,2f4d7d4a-53e7-ad02-48ff-eea5fb33740c,64,933909,933909,939946,954448,6037,6037,0,0,0,0
942969,64907a63-36a8-d53d-4e90-ee87a4dd2fe1,64,942733,942733,942969,943640,236,236,0,0,0,0
944172,4eba12da-4d20-d6cf-2c0c-ad5ce2095271,64,628432,694932,944172,889486,249240,315740,66500,0,0,0
946001,635d8150-d8dc-c3a5-309a-8327891d47fe,64,943498,943551,946001,949343,2450,2503,53,0,0,0
946061,f330f931-3b8f-f9d7-c22e-dfc438107177,64,945493,945493,946036,946558,543,543,0,0,0,0
947155,c4100108-0256-8389-4cb3-46637a211151,32,944924,944924,947155,960220,2231,2231,0,0,0,0
948723,8c2b678e-1f50-e1aa-0088-b13a7d2194cb,64,943491,943491,948723,949126,5232,5232,0,0,0,0
960684,490ccf97-2b0c-456b-8ab2-0bf4196dedc0,64,960581,960581,960684,960922,103,103,0,0,0,0
960744,43470982-6808-f471-ac87-ae14f8505ae9,64,960517,960517,960730,961026,213,213,0,0,0,0
960927,da55f825-5086-f384-733a-c54f62359144,64,960812,960812,960927,961667,115,115,0,0,0,0
963030,e43f05c8-40a5-82f7-b62b-9f628ced48ea,64,955240,955240,963030,976073,7790,7790,0,0,0,0
967783,b8a1e477-e240-e060-0b20-802fc24f3f4c,64,954341,954341,967783,964457,13442,13442,0,0,0,0
970410,c6acdcaf-a4ba-0ef5-284a-f9d8428e31ed,64,515714,515743,970410,989772,454667,454696,29,0,0,0
976218,e7c5d314-a969-e4fc-d141-70c1ca978f1d,64,971970,971970,976218,976173,4248,4248,0,0,0,0
981266,ce9205ae-cdb5-782a-678b-941fdcca9a71,64,960368,960368,981266,989176,20898,20898,0,0,0,0
983646,899fad03-ebd2-3573-6012-a24e3c168418,64,975698,975698,983646,984454,7948,7948,0,0,0,0
989470,fff446b9-bb46-8c13-f28a-030b532da8fe,64,989050,989054,989425,989877,371,375,4,0,0,0
989562,e432f23e-1b59-200c-0106-c378969b1bad,64,989445,989470,989562,990458,92,117,25,0,0,0
989622,068187e9-a46d-4b51-6d30-0e335d8c4fea,64,989095,989114,989599,990709,485,504,19,0,0,0
989682,e1e669e5-c055-b921-635b-8f49823483a8,64,989277,989277,989636,990668,359,359,0,0,0,0
989682,725687c2-0e54-5d51-cc44-5778f86e92d6,64,988994,988994,989652,991578,658,658,0,0,0,0
989742,0cd19e0c-5dfa-8933-75d2-fda97d57d424,32,989410,989410,989727,991470,317,317,0,0,0,0
990813,eafd3e7b-fa5d-bd40-ed71-1fe9649a0bf9,64,990429,990429,990757,993231,328,328,0,0,0,0
990873,940bb34d-e9cc-edab-81b7-4f352cd3248d,64,990557,990557,990871,991374,314,314,0,0,0,0
990997,6f6bbdf3-c673-f2e0-bdca-c10ff9e9cf93,64,990336,990336,990997,993242,661,661,0,0,0,0
991101,db992f51-c433-b3bd-d9cc-86568a03be43,64,990753,990753,991101,994990,348,348,0,0,0,0
991210,f9012b9c-6057-153a-4067-f79084440504,64,990271,990271,991210,991834,939,939,0,0,0,0
991611,5f5e9c52-ef15-627d-aa21-ee30fcd77150,64,991474,991474,991611,992953,137,137,0,0,0,0
991671,5170a2ef-e777-c664-6732-ceca2c78bc22,64,991315,991315,991625,992419,310,310,0,0,0,0
992263,67cbfc39-f54f-1b92-8442-906f2e16f0b6,64,991887,991887,992263,992374,376,376,0,0,0,0
993116,1641d960-dba0-bdec-a2b8-fdcc4e20c377,64,992785,992785,993116,996885,331,331,0,0,0,0
993436,bd9277a4-1d2a-e042-042a-2f6480e1be4d,32,993173,993176,993436,994059,260,263,3,0,0,0
993566,9b99f012-7a09-071c-b4bd-feed52c2a44b,64,993449,993496,993566,993841,70,117,47,0,0,0
993784,44d18524-cf0e-1567-882d-7fc1be3074f8,64,993664,993664,993734,994482,70,70,0,0,0,0
994273,69eb337c-059e-f8d8-cba2-0d387db4990d,64,993991,994029,994273,995138,244,282,38,0,0,0
994526,00926d61-368b-7d68-43c6-b5324b25c483,64,993970,994029,994526,998005,497,556,59,0,0,0
994677,18bc2e3b-20f6-b8d8-9436-9f5d89cc6b08,64,993244,993244,994677,994827,1433,1433,0,0,0,0
994857,ebc095f5-571e-c230-6978-78c17c2257a0,64,994713,994737,994810,995771,73,97,24,0,0,0
994917,b4f136fc-fc7c-be71-c9c6-7b51ef13864b,32,994352,994352,994860,997467,508,508,0,0,0,0
994977,743de03a-e05c-1fb9-2e0e-f4aae65e0ac3,64,992892,992892,994933,1000753,2041,2041,0,0,0,0
995232,c363f61f-9400-9191-d1d0-6bcd195efd72,64,994749,994797,995232,997487,435,483,48,0,0,0
996506,94213090-4368-ae93-bded-cb7ad5ba304c,64,995258,995292,996466,998107,1174,1208,34,0,0,0
996660,8356ed61-63ff-f4b5-866a-0c09b4cb22f4,64,996388,996446,996627,998055,181,239,58,0,0,0
997070,45d07382-28cb-b7ca-33b5-a667097913a0,64,993969,993969,997070,1005816,3101,3101,0,0,0,0
997130,145deec7-019d-c12d-81f1-0d042f576e77,64,994748,994797,997081,1003661,2284,2333,49,0,0,0
997190,a1230193-5c53-2042-6a3e-0103c13d8929,64,996629,996660,997173,999724,513,544,31,0,0,0
997190,810e9d40-cc81-55da-8604-3d4131e7ca38,64,994782,994797,997189,1001905,2392,2407,15,0,0,0
997310,74d90398-c17a-608e-ff2d-a31889ee49ed,64,996130,996130,997285,999331,1155,1155,0,0,0,0
997310,a89f5f9d-e12d-ef58-4482-0852489a4ca4,64,996977,996977,997293,998851,316,316,0,0,0,0
997444,29fb832c-cbe6-8571-b622-e18ee83bcc84,64,997241,997250,997444,998118,194,203,9,0,0,0
997504,4496a883-4a7a-677b-076a-16e73c1fc9aa,64,997082,997130,997490,998231,360,408,48,0,0,0
997586,6b44312a-a565-cd41-28d1-41dbc94bcc99,64,997289,997310,997586,998854,276,297,21,0,0,0
997809,5cbe693e-5e7f-78d9-3c33-499fc4916b7f,64,997152,997190,997809,1010854,619,657,38,0,0,0
998265,b257e257-cc4a-e02c-cf49-94e07ab16533,64,998205,998205,998250,998834,45,45,0,0,0,0
998950,4d844cb6-7c99-d86e-b9d5-546c9a154b85,64,996386,996386,998950,1007078,2564,2564,0,0,0,0
999010,2ed86804-57e2-3419-d8e6-650123755bc8,64,996630,996660,998954,1002779,2294,2324,30,0,0,0
999070,9b4bf636-6035-e48d-90cc-7a42d660a275,64,998348,998348,999014,1002159,666,666,0,0,0,0
999406,780b8dc0-d9c0-847b-5f43-04e4fabdc4aa,64,999047,999070,999406,1003839,336,359,23,0,0,0
999586,323132fa-6181-92de-db37-0ca76ea5e341,64,997867,997869,999562,1001351,1693,1695,2,0,0,0
999646,5422ea97-e32a-8787-1824-6315ad49e072,64,999444,999466,999590,1001345,124,146,22,0,0,0
1000362,1a1940e4-935f-e6e2-db2c-1379b9d859f5,64,999477,999526,1000362,1018235,836,885,49,0,0,0
1002087,d73aae7b-47cc-3a66-2638-d8bef83893a2,64,996600,996600,1002087,1011514,5487,5487,0,0,0,0
1013871,dbf11941-4ad6-53d0-9b81-ce242582bca6,64,974902,974902,1013871,1007126,38969,38969,0,0,0,0
1014846,4c91ef0e-644d-852c-ba36-96cc7ccd1ac6,64,1014571,1014595,1014846,1016281,251,275,24,0,0,0
1014906,9bc88efe-4688-d612-0b64-e782718296af,64,1014705,1014715,1014885,1016258,170,180,10,0,0,0
1015026,e3157b34-62f5-63b1-e8cd-ea8a7710199d,64,1014535,1014535,1014986,1015480,451,451,0,0,0,0
1015219,ec4014c6-da60-69f3-8e40-b29426b94955,64,1014895,1014906,1015219,1016436,313,324,11,0,0,0
1015339,bc2e2b59-2c7d-d667-f664-c7202fddb26a,64,1014604,1014655,1015316,1016453,661,712,51,0,0,0
1015399,5d1ddcb7-a5a7-e280-277f-ecc6196b58f1,32,1014615,1014655,1015388,1018871,733,773,40,0,0,0
1015459,22530aa4-15d1-52b0-76a6-b583dcac7b04,64,1015224,1015279,1015406,1017684,127,182,55,0,0,0
1015519,e65664ac-9e54-a175-5b42-9d0e5a239f52,64,1014958,1014966,1015501,1015843,535,543,8,0,0,0
1015785,366f4268-7c7d-d490-9ab7-f449ff169376,32,1014607,1014655,1015785,1021209,1130,1178,48,0,0,0
1016205,5513b74f-4ffc-1c54-5b0a-31ea9dc6d783,64,1014598,1014655,1016205,1024021,1550,1607,57,0,0,0
1016570,032a0c06-4f55-b58e-0618-93ec82d768c6,64,1014962,1015219,1016570,1024472,1351,1608,257,0,0,0
1016630,a1420851-cf47-3d72-24ce-3160551a7dcd,64,1001178,1001178,1016596,1009165,15418,15418,0,0,0,0
1016893,54e14f3a-bba4-1ae0-adf8-f7672261ddef,64,1014710,1014715,1016893,1020408,2178,2183,5,0,0,0
1017604,29cf4c70-e756-41e0-a657-41db61bc7c56,64,1014959,1014966,1017604,1022954,2638,2645,7,0,0,0
1017887,ea350f17-c157-a761-9162-f6dbb5d2bf7f,64,1014606,1014655,1017887,1026461,3232,3281,49,0,0,0
1018648,f06b6c12-9c8b-9550-64e7-0f9a501a0ccf,32,1014963,1015519,1018648,1026625,3129,3685,556,0,0,0
1019319,a91decb2-51a3-d21b-f4d1-183f76f8ef17,64,1014669,1014846,1019319,1025556,4473,4650,177,0,0,0
1020560,0496122f-5525-a0d1-48d4-0d840b653f5f,64,1014571,1014595,1020560,1027844,5965,5989,24,0,0,0
1021572,6fb0c665-4766-229e-0895-df3c7941a6a4,64,1017260,1017260,1021572,1028667,4312,4312,0,0,0,0
1023986,32167340-bf95-ff33-cdea-6f5237d7cab3,64,1022672,1022672,1023986,1027333,1314,1314,0,0,0,0
1024934,f90fb6e4-e150-52f3-5195-8000c3f38c8c,64,1023013,1023013,1024914,1033358,1901,1901,0,0,0,0
1025928,3f569381-4119-0559-25b9-de82ae5a5f99,64,1023777,1023777,1025916,1032340,2139,2139,0,0,0,0
1025988,d5d4999b-39d8-8a14-69fa-c66650c74b31,64,1024112,1024112,1025951,1034638,1839,1839,0,0,0,0
1026226,59518620-8769-ee24-1875-589a7d57a51f,64,1024874,1024874,1026226,1029002,1352,1352,0,0,0,0
1026403,afe1d845-a18a-f249-d45a-1de3731dc76f,64,1025868,1025868,1026403,1029706,535,535,0,0,0,0
1026463,9399ad15-a37c-e1c5-c42b-266b1b02fa24,64,1024524,1024524,1026453,1027538,1929,1929,0,0,0,0
1027249,7e64c44f-fe67-8797-f16c-084e6a7df379,64,993716,993724,1027249,1043810,33525,33533,8,0,0,0
1030643,ee7385d8-6c75-a765-3a31-4e67b5982577,64,1030512,1030512,1030643,1031134,131,131,0,0,0,0
1030921,97d02f8f-affd-d43b-2c69-1f0442bbeaae,64,1030512,1030512,1030921,1030897,409,409,0,0,0,0
1093700,3dcead91-8e93-abd2-b269-eb4366fe47b3,64,1039768,1039768,1093700,1134598,53932,53932,0,0,0,0
1096401,b770beaf-d5da-108b-ae94-c0b5aaf1c938,64,1082663,1082663,1096401,1123349,13738,13738,0,0,0,0
1114460,7f85c4e7-1177-6f21-d48f-5ba30d87bc72,64,1112799,1112799,1114460,1134254,1661,1661,0,0,0,0
1124990,7c9428af-461a-ef63-49b0-16e51e595d1f,64,1084958,1084958,1124990,1105776,40032,40032,0,0,0,0
1140775,80e022c8-3b80-3c61-bde7-8473a3fdd59c,64,1139669,1139669,1140775,1140319,1106,1106,0,0,0,0
1158029,833c8f55-a129-8fa2-227d-4660293fc266,32,1157240,1157240,1158029,1162560,789,789,0,0,0,0
1161045,c7533bff-9fd8-8e61-c5b9-cf380459be16,64,1159575,1159575,1161045,1162568,1470,1470,0,0,0,0
1162018,0e60ec16-1f39-f9f9-9cd1-126b1b17dab8,64,1151565,1151609,1162018,1167956,10409,10453,44,0,0,0
1165759,64f22a7c-87f7-97fa-6cfa-855f089b5b49,64,1165581,1165594,1165759,1166421,165,178,13,0,0,0
1166082,d3d39ff9-dc25-55f1-5258-7a1a226e1ecb,64,1165534,1165534,1166082,1166395,548,548,0,0,0,0
1172162,a1b2a7e5-fb72-025b-f209-329d4aa7f4e2,64,1170810,1170810,1172162,1195451,1352,1352,0,0,0,0
1173993,f3b81fe4-194d-9447-a05b-e2306603854f,64,1170415,1170415,1173993,1184126,3578,3578,0,0,0,0
1174496,84fcfcb0-f5e9-0352-3745-39f2f1d188b9,64,1170811,1170870,1174496,1188590,3626,3685,59,0,0,0
1174643,95dfe6cb-c75a-ec94-2e05-7f791cf8d03f,64,1162394,1162394,1174643,1193993,12249,12249,0,0,0,0
1175578,b2879bdd-193d-ab13-ed11-b850273beecb,64,1172264,1172264,1175578,1174454,3314,3314,0,0,0,0
1179684,0858f527-792d-d499-7497-375c366fbddd,64,1170519,1170519,1179684,1187434,9165,9165,0,0,0,0
1181079,a60147c3-48e0-9502-4598-f3c8af449605,64,1172058,1172058,1181079,1186122,9021,9021,0,0,0,0
1183799,0f5f9707-a008-ac20-c272-88e6ff39a117,64,1179072,1179117,1183799,1185106,4682,4727,45,0,0,0
1186292,7f2382b5-0d1b-293b-a9ce-f59399a9a788,64,1179057,1179057,1186292,1192713,7235,7235,0,0,0,0
1188411,fc75de3d-d473-f3b5-452a-2da70e00583d,64,1188048,1188048,1188411,1192589,363,363,0,0,0,0
1188597,078d27e5-378a-8ba6-e608-d6d31d62c6b5,64,1141089,1141089,1188597,1405922,47508,47508,0,0,0,0
1191542,dbb24c33-a045-6992-d793-30f16f8fd55c,64,1164619,1164619,1191542,1229547,26923,26923,0,0,0,0
1194487,8bc2d46d-0e80-7f03-9e5f-83786633427e,64,1187353,1187353,1194487,1219971,7134,7134,0,0,0,0
1196838,22c0c475-a549-76d0-091a-5875cc18dd0e,64,1190495,1190495,1196838,1197558,6343,6343,0,0,0,0
1197070,69d445f3-54dd-528c-5fb6-98a5e9209b3a,64,1188626,1188657,1197070,1202464,8413,8444,31,0,0,0
1199789,30e4541b-f07c-fca7-ebac-d8e1ff7661bb,64,1159210,1159210,1199789,1191222,40579,40579,0,0,0,0
1199946,5b182716-b9c6-b26b-6401-118dc078bc3e,64,1198100,1198100,1199946,1201306,1846,1846,0,0,0,0
1202499,8706f724-bf83-f2d4-23de-67fcbe59d035,64,1202012,1202012,1202457,1206727,445,445,0,0,0,0
1202722,df3334c6-9823-3b06-d91e-a7e6afe2a940,64,1202439,1202439,1202722,1203287,283,283,0,0,0,0
1203162,46a3110a-9813-9b31-2d38-9d1f6716d461,64,1201307,1201307,1203162,1203120,1855,1855,0,0,0,0
1203713,58d0202b-75d5-a115-9ce8-b890cc6b3a6e,64,1202443,1202499,1203713,1207124,1214,1270,56,0,0,0
1207470,5e331ed8-48f0-fcb2-5398-6e7f9f2c7e7f,64,1206967,1206967,1207470,1213157,503,503,0,0,0,0
1209179,f205da82-a9f3-531b-1d05-3081f9e34f60,64,1200347,1200347,1209179,1228793,8832,8832,0,0,0,0
1216419,b82d40de-f2d7-8d53-8870-2ae78eadda9a,64,1209528,1209528,1216419,1249441,6891,6891,0,0,0,0
1219004,b360e8af-91aa-fb5c-eb0c-bd6ca6032997,32,1197151,1197151,1219004,1313569,21853,21853,0,0,0,0
1221815,e8c44e4c-5ce1-bcc2-16c7-02a1a3e2ac17,64,1183463,1183463,1221815,1259314,38352,38352,0,0,0,0
1227798,3eaf5f08-28c5-b1e3-e8ac-4518eb8f54d8,64,1209383,1209383,1227798,1288713,18415,18415,0,0,0,0
1227858,0a872ac2-8f3f-5995-e468-eb64f7d2a2ee,64,1227046,1227046,1227825,1228252,779,779,0,0,0,0
1228432,5e24296e-b736-3ad9-79a8-226b5ced7017,64,1228303,1228303,1228432,1228892,129,129,0,0,0,0
1228910,76e51a12-79c6-c757-f7fe-b7351cc6f0a0,64,1228304,1228363,1228910,1229857,547,606,59,0,0,0
1228971,39d11950-8a45-e02e-11f2-0d9bc90ec689,64,1228584,1228584,1228971,1230889,387,387,0,0,0,0
1229706,1f683d6f-988c-89db-ed5c-ea4e758964f5,64,1229548,1229581,1229706,1230084,125,158,33,0,0,0
1229867,3c8aae87-9606-006a-98d5-4b7ec08bd631,64,1228497,1228497,1229867,1230930,1370,1370,0,0,0,0
1231250,f9a55cf2-a66c-0fa1-b5dc-8a9afb38cd91,64,1205677,1205677,1231250,1265756,25573,25573,0,0,0,0
1231453,9594eea8-4381-6e47-df3c-5c8a651076d6,64,1231021,1231076,1231453,1231554,377,432,55,0,0,0
1231513,c84bbdf5-603f-4ddc-2ef1-7a908bbb8f3f,64,1231016,1231016,1231499,1231949,483,483,0,0,0,0
1231673,007fb3cb-cf73-5afa-72af-6a55b08e8dd4,64,1229521,1229521,1231673,1234052,2152,2152,0,0,0,0
1233434,a0ee404f-9ea8-fcb1-4732-68c98c1e9464,64,1232213,1232213,1233434,1245382,1221,1221,0,0,0,0
1233643,2ba4d656-610c-5ade-7ed9-9a6b6c3786c2,64,1233325,1233325,1233643,1234324,318,318,0,0,0,0
1234017,1f8424bd-708c-4f1a-f1c3-5294e61cf9a3,64,1231050,1231076,1234017,1236018,2941,2967,26,0,0,0
1234123,8513176c-1efc-1c94-e141-10b69a920655,64,1233249,1233249,1234123,1245529,874,874,0,0,0,0
1234344,cc2b2f49-c6d5-3a90-9296-ae08a2dcb574,64,1233141,1233141,1234344,1236163,1203,1203,0,0,0,0
1234473,0aa5aaf2-677f-33b8-cb47-1eca30370fff,64,1232838,1232838,1234473,1239248,1635,1635,0,0,0,0
1234989,2e44d349-9122-5311-374e-5dff06906169,64,1234858,1234858,1234989,1236031,131,131,0,0,0,0
1235331,95eb44d9-8459-f302-cd1d-036e0d08da99,64,1235003,1235049,1235290,1238423,241,287,46,0,0,0
1235478,61a93ecf-ec0d-d9ba-0b94-729c03fde24e,64,1235271,1235271,1235478,1236505,207,207,0,0,0,0
1237139,bf4113cb-32e1-5f17-6b47-ed615372ebed,64,1236809,1236846,1237139,1238257,293,330,37,0,0,0
1237385,1a85fd69-344c-96cc-3f48-e5f018cc0e29,64,1236726,1236726,1237385,1241871,659,659,0,0,0,0
1238389,de3e0557-910a-a60d-c063-3a98ea5dc3de,64,1236755,1236786,1238389,1251187,1603,1634,31,0,0,0
1238502,d972c236-db84-7c06-d84d-6427adaad2f9,64,1237972,1237972,1238502,1239670,530,530,0,0,0,0
1238601,3768d6aa-fd34-d21e-3b59-475ec88a9a74,64,1215161,1215161,1238601,1228747,23440,23440,0,0,0,0
1240547,fd561b27-2833-79b8-641f-79aa692e33b9,64,1237999,1238032,1240547,1245709,2515,2548,33,0,0,0
1242682,407c4370-4886-274c-b9aa-06f5382bab11,64,674552,700893,1242682,1097498,541789,568130,26341,0,0,0
1244392,e94f03ec-0f40-76a2-1c33-345debc05f02,64,1236733,1236786,1244392,1254778,7606,7659,53,0,0,0
1244647,9b23854f-a3df-f5f0-297e-86fe3f8b015e,64,1242714,1242742,1244647,1248079,1905,1933,28,0,0,0
1245709,66b1f859-adb5-d5e6-7b88-e4ef567f3096,64,1233744,1233744,1245709,1247566,11965,11965,0,0,0,0
1245956,665ec4dd-222e-c711-ef6d-5b4bc356dee2,32,1245753,1245769,1245956,1246909,187,203,16,0,0,0
1252903,7f843004-c4ac-41b5-3f04-2c7b13ab7d2c,64,1247525,1247525,1252903,1253836,5378,5378,0,0,0,0
1253320,1966d047-db64-2c52-e7e7-eec3ecd5afa3,64,1220252,1220256,1253320,1269141,33064,33068,4,0,0,0
1254532,31ab0158-2cf6-073b-d500-c14707743c94,64,1231504,1231513,1254532,1252042,23019,23028,9,0,0,0
1257856,785e02ee-4cac-895c-f2e2-503ab2d515d1,64,1248352,1248352,1257856,1278122,9504,9504,0,0,0,0
1259476,459df649-cdf9-d1d6-b22e-d234404c86f1,64,1245589,1245589,1259476,1269979,13887,13887,0,0,0,0
1259761,0c906c01-3b44-dabc-142e-c8b0cce52711,64,1259554,1259554,1259761,1260538,207,207,0,0,0,0
1264621,2f8a637d-f330-dc59-750d-456e19412cae,64,1245135,1245135,1264621,1275246,19486,19486,0,0,0,0
1266001,7ef74fdb-17fc-2335-7aa0-3208e6f47dcf,32,1240150,1240150,1266001,1294160,25851,25851,0,0,0,0
1266385,6dd013f3-87a2-0e22-b298-b8110b1ec578,64,1264025,1264025,1266385,1281781,2360,2360,0,0,0,0
1267651,c4596172-9fdf-4b1b-5e05-b8b14e45a736,64,1248241,1259476,1267651,1300763,8175,19410,11235,0,0,0
1269007,371831f3-d527-189b-db28-65da4cb9be7b,64,1268375,1268375,1269007,1271208,632,632,0,0,0,0
1269157,85e620fe-a44e-b3e1-c5ba-136f594ed61a,64,1245726,1245769,1269157,1297315,23388,23431,43,0,0,0
1271134,3a5b171c-b7a4-c108-8dac-20f90abd99fd,64,1242707,1242742,1271134,1285208,28392,28427,35,0,0,0
1272990,7c781b98-9f32-fd3e-f358-206db49bc1ef,64,1245482,1245482,1272990,1297467,27508,27508,0,0,0,0
1274126,a8b97820-e92c-5b92-6279-67a3753439c0,64,1245965,1266385,1274126,1303309,7741,28161,20420,0,0,0
1274201,18e9ef77-64ce-4589-8c4a-62badb335860,64,1245855,1245889,1274201,1271308,28312,28346,34,0,0,0
1275655,d1b60755-81d1-d226-3cc5-6af30eac5e90,64,1275490,1275525,1275606,1276136,81,116,35,0,0,0
1275737,89fd911f-2e06-e33a-8498-a96b0d8660ca,64,1275466,1275525,1275737,1275939,212,271,59,0,0,0
1275797,c4ddfe54-917c-4f11-b81e-d083929614b5,64,1275490,1275525,1275768,1276333,243,278,35,0,0,0
1275797,4e583dde-807a-b658-9272-dc48eb4d6df5,64,1245196,1245196,1275785,1303740,30589,30589,0,0,0,0
1276265,34943114-def1-4d58-1e39-2331a142d68f,64,1245792,1257856,1276265,1299123,18409,30473,12064,0,0,0
1276516,9be5662a-dc97-9a81-3dee-d56a21ddd27e,64,1275468,1275525,1276516,1279945,991,1048,57,0,0,0
1276926,ec257a75-421d-4dca-2a95-59080e503fd8,64,1275466,1275525,1276926,1277513,1401,1460,59,0,0,0
1277679,6c8de840-ed30-5556-62a5-3193a6a1cc2b,32,1275465,1275465,1277679,1283303,2214,2214,0,0,0,0
1278045,68a650ce-f7fb-68d5-0e28-a0886771dc17,64,1272417,1272417,1278045,1276896,5628,5628,0,0,0,0
1280120,4165964c-0b21-a308-86dc-4e34a9dcfe52,64,1246530,1269157,1280120,1306267,10963,33590,22627,0,0,0
1280180,af32baf8-811d-b4af-e8ca-7483dc0e3375,32,1246365,1266385,1280159,1301714,13774,33794,20020,0,0,0
1283501,851b9860-31e6-a645-c53f-4f7e96b6a287,64,1276271,1276325,1283501,1296099,7176,7230,54,0,0,0
1285952,dd91cf6b-b102-0282-b5b2-e008e0516aaa,32,1285726,1285726,1285952,1287266,226,226,0,0,0,0
1286922,19a12723-287d-ff8e-2b74-18988673cf07,32,1275595,1275797,1286922,1316820,11125,11327,202,0,0,0
1287027,7e4b4f10-745f-780e-fbe5-403bb24b007b,64,1286792,1286792,1287027,1289266,235,235,0,0,0,0
1287144,f85bc2d3-0119-6e6d-27f3-1b7851f9cd77,64,1248427,1280120,1287144,1353617,7024,38717,31693,0,0,0
1287204,97f971d5-94f8-9e6c-c416-c07cb6a787b1,64,1286421,1286421,1287152,1288937,731,731,0,0,0,0
1287508,da7bf28b-9a23-3be3-ebf6-dd3256d2bb12,64,1220373,1220376,1287508,1289512,67132,67135,3,0,0,0
1288265,97266a28-dd7d-8ff7-732f-4bd725acf1b6,32,1287614,1287628,1288265,1291127,637,651,14,0,0,0
1288866,f2a83faa-f11a-31f5-4826-80f934010b60,64,1287535,1287568,1288866,1291547,1298,1331,33,0,0,0
1290428,60b217f9-65f3-5984-5c0d-8fccf8f960bd,64,1290265,1290320,1290428,1290917,108,163,55,0,0,0
1290488,61e561bb-ca79-bb30-6d70-881b52647c6f,64,1290260,1290260,1290437,1292606,177,177,0,0,0,0
1290703,55eef366-bc76-b752-cdcb-e8184dfa6a17,64,1290317,1290320,1290652,1291708,332,335,3,0,0,0
1291497,13106665-aec2-bb19-fbc3-98d82d6bc882,64,1288628,1288628,1291497,1294766,2869,2869,0,0,0,0
1291618,fc1bb61a-a36d-4d54-05ec-8e9fa09fc700,64,1290643,1290643,1291606,1295458,963,963,0,0,0,0
1292133,08825d14-341b-2c09-18a0-f6c0ab2d2fef,64,1291086,1291086,1292133,1292764,1047,1047,0,0,0,0
1292471,612a9cc6-cfff-0d34-caa8-1f139cdd39a7,32,1292223,1292223,1292413,1293542,190,190,0,0,0,0
1292701,0d394b57-a4d4-df15-6d54-a50182866d40,32,1292231,1292283,1292701,1294068,418,470,52,0,0,0
1293514,1b2765f6-f383-24f7-eddc-ac0a97206c66,64,1292427,1292471,1293514,1294722,1043,1087,44,0,0,0
1293574,e5141d91-8127-8cf9-803b-d70b054dc5a9,64,1291558,1291558,1293561,1295993,2003,2003,0,0,0,0
1294076,f5504c52-49d2-cac0-2dc6-9c90e5dfc7af,64,1292363,1292411,1294076,1296990,1665,1713,48,0,0,0
1294996,f5ed7ddf-783f-1cd0-e0b2-f35699b62656,64,1292755,1292761,1294996,1297035,2235,2241,6,0,0,0
1295621,c481ea69-f83b-f029-b6ac-204884308e0c,64,1290917,1290917,1295621,1307476,4704,4704,0,0,0,0
1296758,83b5ad03-c4bd-23eb-a7cc-427447808b87,64,1295035,1295056,1296735,1298178,1679,1700,21,0,0,0
1297563,d2524487-6b70-9287-29fe-ba149adda7c8,32,1296698,1296698,1297563,1300337,865,865,0,0,0,0
1299589,635a11f2-5c7a-f83d-ca9d-2704e860bcb1,64,1295024,1295056,1299589,1310834,4533,4565,32,0,0,0
1299886,e8724434-69b6-175e-76c5-3d2be9fdd358,64,1296738,1296758,1299886,1313431,3128,3148,20,0,0,0
1302823,f77e1ee6-0c15-cb28-0728-971988c75e8a,64,1292351,1292351,1302823,1321015,10472,10472,0,0,0,0
1304318,e466c937-6da7-c95b-5d4f-97154c9df049,64,1298559,1298559,1304318,1305102,5759,5759,0,0,0,0
1305312,d30606ae-69ed-5072-bb81-c774c67651b3,64,1248381,1274126,1305276,1331566,31150,56895,25745,0,0,0
1308054,d4701dd2-ada5-beb9-0d52-7b893c8b966c,64,1307806,1307806,1308054,1308206,248,248,0,0,0,0
1308712,79900a27-6c7c-eeb7-8bb5-f24251057c35,64,1308605,1308605,1308712,1309279,107,107,0,0,0,0
1312397,17841919-3c29-d9ed-b6bf-1f51f0abe316,64,1309987,1309987,1312397,1334594,2410,2410,0,0,0,0
1324128,8fffe845-6257-ae9c-8260-1132c02fb24f,64,1323925,1323925,1324128,1326049,203,203,0,0,0,0
1325564,e1ccff0d-8078-636d-01b0-62c19aad9234,64,1325442,1325442,1325564,1326740,122,122,0,0,0,0
1325647,d24289ea-3959-7465-05c5-581054b728fa,64,1325186,1325186,1325647,1327013,461,461,0,0,0,0
1326597,5436deb3-f229-c37b-a169-d799062e5424,32,1326375,1326375,1326597,1327509,222,222,0,0,0,0
1327405,f34574ae-0519-78bf-8a2e-30d69adebcc2,64,1327041,1327041,1327405,1328200,364,364,0,0,0,0
1328418,6680c5e3-363c-bc32-be3e-14022008bd4c,64,1220539,1221815,1328418,1342791,106603,107879,1276,0,0,0
1330358,efe5f873-da60-314c-1f16-bfe5df8b6c1c,64,1305636,1305636,1330358,1382606,24722,24722,0,0,0,0
1330653,3664cafa-0f6d-a751-7e9e-7b8af8c59ac6,64,1330556,1330556,1330653,1331650,97,97,0,0,0,0
1331373,47198f5c-f69b-d596-3f10-938caec7f267,64,1331176,1331176,1331373,1333820,197,197,0,0,0,0
1331623,b0c5d3d5-c755-2c99-c349-95ff67432c04,64,1330828,1330828,1331623,1332382,795,795,0,0,0,0
1332130,a5fcd671-125d-f206-02f8-65f8226001c6,64,1332010,1332010,1332127,1333205,117,117,0,0,0,0
1332265,9cfa2010-ff51-cc96-27be-a2b29a7f326f,64,1331866,1331866,1332265,1336676,399,399,0,0,0,0
1332595,f1758208-2e29-2386-6e89-6265847aefa5,64,1332040,1332070,1332595,1334697,525,555,30,0,0,0
1332854,f6121d2c-ae73-00eb-639d-8fe7790b185c,64,1331692,1331692,1332854,1333983,1162,1162,0,0,0,0
1333335,c5a24d77-7cc3-4e98-df39-7fa5ce96cc5e,64,1308731,1308772,1333335,1328304,24563,24604,41,0,0,0
1334120,cf3b6e13-781f-018a-0ae2-e88e7a1b2bb4,64,1334013,1334013,1334120,1335003,107,107,0,0,0,0
1335741,96b93974-f587-03c5-199a-e3daaae39bc0,64,1335178,1335178,1335741,1336754,563,563,0,0,0,0
1363176,fc267da6-4a64-0fc1-6843-a5c38dcd6e9b,64,1220196,1220196,1363176,1326768,142980,142980,0,0,0,0
1373586,58e9bbad-35b1-773c-6d56-cfd579ab3018,64,1220314,1220316,1373586,1343304,153270,153272,2,0,0,0
1424669,9f8d367d-6cfa-f2dd-ee28-dccd9abbe46b,64,1421384,1421384,1424669,1448918,3285,3285,0,0,0,0
1426738,1bf2235c-5987-e1e6-3c15-17fc99bf88ed,64,1426342,1426347,1426738,1427461,391,396,5,0,0,0
1427893,b9d9c1dc-1f9b-d2b4-66c4-ce9be483f4f1,64,1426388,1426407,1427881,1427595,1474,1493,19,0,0,0
1428021,9496634f-d438-231d-aa0a-2259859f02bb,64,1426287,1426287,1428021,1428793,1734,1734,0,0,0,0
1430174,a2e768d7-59b7-463f-1117-f840280d4e22,64,1424899,1424899,1430174,1468979,5275,5275,0,0,0,0
1432031,4e653eee-251d-d64e-5eec-2af44db9eacb,64,1421151,1421151,1432031,1469764,10880,10880,0,0,0,0
1433837,cb21aa80-19d4-d39a-7dff-e27d9b125dfb,64,1151549,1151549,1433837,1378191,282288,282288,0,0,0,0
1436150,040ebf47-78ab-2513-e03d-b91863c279aa,32,1427529,1427529,1436150,1449230,8621,8621,0,0,0,0
1442784,23a49571-33cb-59ef-15c0-4765b51bd20f,64,1428845,1428877,1442784,1456649,13907,13939,32,0,0,0
1445410,4f3e2a2c-ded6-4d2a-c42d-5f032482e8d1,64,1429457,1429457,1445410,1466569,15953,15953,0,0,0,0
1446900,d4575305-73b0-220d-5f20-19ea3cd61f5e,64,1431097,1431097,1446900,1457930,15803,15803,0,0,0,0
1447374,1b9ec5f9-dd41-9a67-5c37-5254a8fc5690,64,1429100,1429100,1447374,1470350,18274,18274,0,0,0,0
1447564,15bebdd0-97b0-27ce-4fe5-c13ba5e8c198,64,1427833,1427833,1447564,1471598,19731,19731,0,0,0,0
1454359,5b9facde-b409-b855-63f2-fc26405a8f9e,32,1446810,1446810,1454359,1477126,7549,7549,0,0,0,0
1454649,e3e492f3-911c-dbb8-3ad4-d4c4a0493ed9,64,1421890,1421890,1454649,1462484,32759,32759,0,0,0,0
1456475,bcc9c2e6-9d2f-5a3e-a7b4-f9c831b5efb0,64,1432083,1445410,1456475,1477343,11065,24392,13327,0,0,0
1457025,8f1c5f8c-f1ae-8af9-2826-a561bf1a61d7,64,1447881,1447881,1456997,1470017,9116,9116,0,0,0,0
1457240,a52aea24-9248-9bee-858f-ab602bbe35ea,64,1454918,1454918,1457240,1457218,2322,2322,0,0,0,0
1458446,7a37f3d6-77eb-6d89-b142-de87d109ffe5,64,1428817,1428817,1458417,1477258,29600,29600,0,0,0,0
1459466,b0427c62-ce9f-b278-5f94-2c43b989a884,32,1422488,1422488,1459466,1487773,36978,36978,0,0,0,0
1459826,351d1137-d518-5b72-30ac-cfda7f055b10,64,1446944,1446960,1459826,1467910,12866,12882,16,0,0,0
1460423,b905a7b6-b97e-e830-1e01-86462c64f73d,64,1421656,1421656,1460391,1472261,38735,38735,0,0,0,0
1461098,8047c7e1-da44-ae00-964e-81dd27e78bba,64,1460002,1460002,1461040,1468453,1038,1038,0,0,0,0
1461158,5e15433b-68b1-211a-6eb8-b0e277b16be3,32,1458535,1458535,1461157,1475852,2622,2622,0,0,0,0
1462270,129543a4-fcc3-bcc7-fd67-eb3e836d2c1f,64,1461224,1461224,1462270,1475040,1046,1046,0,0,0,0
1466809,6b6a838e-498a-9d9d-c391-59b8c145217f,64,1458386,1458386,1466809,1474438,8423,8423,0,0,0,0
1467709,65637d1f-5763-7902-5552-0712af92ef22,64,1446681,1447564,1467709,1482958,20145,21028,883,0,0,0
1468214,b01ba134-544e-e743-4383-9f121335f6c3,64,1463171,1463171,1468214,1476438,5043,5043,0,0,0,0
1468770,a70bba9c-3d5e-69df-2fc2-147c5badd755,64,1464518,1464537,1468770,1485571,4233,4252,19,0,0,0
1469643,36903edb-9fb9-38e0-776e-f3e63af33cc5,64,1460303,1460303,1469643,1478214,9340,9340,0,0,0,0
1476161,3c48c936-4305-4a31-f9e3-89054a4a15ea,64,1472023,1472023,1476161,1485984,4138,4138,0,0,0,0
1476547,55af47da-31d1-d6cb-6450-dd3c01521e60,64,1472308,1472308,1476547,1485672,4239,4239,0,0,0,0
1480116,fdc56285-8f50-b11f-7c42-049476d32b96,64,1478287,1478287,1480116,1479435,1829,1829,0,0,0,0
1480990,e6a98352-de8c-5a13-5bdf-d4cea125151b,64,1471949,1471949,1480990,1485408,9041,9041,0,0,0,0
1482327,0e721365-a4e6-0afd-e6cc-d201335dc080,64,1478444,1478444,1482327,1486697,3883,3883,0,0,0,0
1483789,c4af9dc9-416c-0562-2ec3-641124df6dcc,64,1474063,1474120,1483789,1487269,9669,9726,57,0,0,0
1484480,e97f995d-9bc8-d6f6-0484-a1b355c974a4,64,1471949,1471949,1484480,1487551,12531,12531,0,0,0,0
1484540,e3d21a33-8d3b-c1df-5672-67353798fc80,64,1460952,1460952,1484531,1482432,23579,23579,0,0,0,0
1484789,f3402dd3-4515-75b9-ece9-504b03d7f962,64,1473383,1476547,1484789,1487600,8242,11406,3164,0,0,0
1484979,c8f3332a-4741-4ca4-23d9-9d90c964f746,64,1459653,1459826,1484979,1488603,25153,25326,173,0,0,0
1485819,411920f6-d056-6199-3728-ddc20f5e8b47,64,1426504,1428021,1485819,1482226,57798,59315,1517,0,0,0
1485879,9bd65068-ba8d-6f8c-fe05-fcef842c49fa,64,1447375,1469643,1485878,1488708,16235,38503,22268,0,0,0
1486368,e2ed8686-b334-22cb-9a3f-0ad169a9aff9,64,1478444,1478444,1486368,1485378,7924,7924,0,0,0,0
1489376,0760d408-0678-fe13-4bcd-6e4d24e11716,64,1467279,1468770,1489376,1488678,20606,22097,1491,0,0,0
1489629,dcdbf14e-5ca5-9057-9e71-9a56187ebca4,64,1424121,1424121,1489629,1486369,65508,65508,0,0,0,0
1489999,dafa1c94-4ee2-6290-eb59-003a53bc0611,64,1489878,1489878,1489999,1490999,121,121,0,0,0,0
1490528,cff14c0e-c7eb-7d43-ba4e-f72fd8139af7,64,1490408,1490408,1490470,1490943,62,62,0,0,0,0
1490945,ede02d33-a36d-7567-33a4-4f408d3ba57f,64,1473350,1485879,1490945,1489878,5066,17595,12529,0,0,0
1491684,edba84d1-e110-4d91-0244-bc44b25c5b50,64,1420983,1420983,1491684,1491137,70701,70701,0,0,0,0
1492703,48a05e4f-b064-672a-394a-6d319b428238,64,1490047,1491684,1492647,1491253,963,2600,1637,0,0,0
1492763,06e2ac94-9620-3553-f860-b58fbd8cc32e,64,1490482,1492703,1492746,1491303,43,2264,2221,0,0,0
1492906,ae742530-ceb6-bfdc-3734-a78de2682c9f,64,1490531,1492763,1492906,1491456,143,2375,2232,0,0,0
1493026,16d4fdff-f260-2a26-3025-f0410aa86e33,64,1490416,1492906,1493016,1491489,110,2600,2490,0,0,0
1494308,6420b22a-cae9-250b-9693-ffd8bc6232e3,64,1461080,1485819,1494308,1489561,8489,33228,24739,0,0,0
1494424,2598bc54-eba2-a67c-9c43-3e67871d5bfc,64,1490679,1494308,1494424,1491932,116,3745,3629,0,0,0
1496199,3e72e402-3a43-17a1-352d-ed780f94db38,64,1420693,1420693,1496199,1488303,75506,75506,0,0,0,0
1496319,c997f2fa-997d-cd9a-dd55-4b7d3bad3a0d,64,1490952,1496199,1496311,1492423,112,5359,5247,0,0,0
1497243,8ae0b8a0-80ff-2909-2d85-2212f554e1f8,64,1473400,1490945,1497243,1491235,6298,23843,17545,0,0,0
1497537,324ef0f7-aa25-e8da-2fd1-843d92071602,64,1464651,1489376,1497537,1490761,8161,32886,24725,0,0,0
1497537,2a064fd2-4fbc-0984-7792-2d9eb998e2d3,64,1491506,1497243,1497537,1492609,294,6031,5737,0,0,0
1497741,f77fa3a7-802a-a6eb-32e9-7c2d2fb90ccf,64,1491788,1497537,1497741,1492767,204,5953,5749,0,0,0
1498037,cdeb8ab9-9ece-bb21-e9f4-07eee9320c6a,64,1492643,1497741,1498018,1493077,277,5375,5098,0,0,0
1498576,e212f7e1-8f63-c2bb-ae41-115540bf6f6b,64,1491829,1498037,1498576,1493127,539,6747,6208,0,0,0
1499155,1deb979d-8d0b-b6d7-ad91-f45623b13ebd,64,1489926,1498576,1499155,1493139,579,9229,8650,0,0,0
1499371,d1ad3e51-89f9-0de9-f798-0131a885a7b4,64,1477687,1494424,1499371,1492000,4947,21684,16737,0,0,0
1500257,d2eba277-f64d-4de0-a92a-988036841339,64,1490144,1499371,1500257,1493192,886,10113,9227,0,0,0
1500544,1d2467e2-0191-d19d-c45c-3fbb52ecac27,64,1492173,1500257,1500544,1493260,287,8371,8084,0,0,0
1500839,74fa65ce-489a-c27e-6281-03f01d9fff25,64,1491308,1500544,1500839,1493401,295,9531,9236,0,0,0
1501342,c82e27a3-1028-7c78-434b-033d84e1f69e,64,1476559,1484979,1501342,1489083,16363,24783,8420,0,0,0
1501435,04b40ac9-2831-7f0d-be90-63fb64b5d9a5,64,1491432,1500839,1501435,1493787,596,10003,9407,0,0,0
1501826,1daf7374-a255-80ef-bdf7-f8f04236d2f9,64,1491143,1501342,1501826,1493829,484,10683,10199,0,0,0
1502161,487f70f0-e5e4-b935-53bd-99f9c5f4656a,64,1492327,1501435,1502161,1493905,726,9834,9108,0,0,0
1502235,c362f40b-d309-0fc5-2cfc-4fb4268c3b15,64,1492259,1501826,1502235,1493983,409,9976,9567,0,0,0
1502295,55f01600-e17f-348d-9ed6-270514b9bb4d,64,1432566,1486368,1502255,1490747,15887,69689,53802,0,0,0
1502360,4526ed62-13d8-a6e6-3f5c-022a9a86013d,64,1492927,1502235,1502360,1494242,125,9433,9308,0,0,0
1505203,0eb5e5a7-98f3-f640-f6a9-e3e3b62bccb1,64,1474060,1502360,1505160,1494816,2800,31100,28300,0,0,0
1505680,36e90637-e921-26db-0b72-d0efb2fdaa38,64,1492087,1505203,1505680,1494843,477,13593,13116,0,0,0
1506185,a028dc87-d6fb-3a95-69db-b362c0dfb921,64,1494459,1505680,1506185,1494905,505,11726,11221,0,0,0
1506480,cffe7547-a347-cf55-b94b-a015fa126797,64,1472024,1502295,1506480,1494350,4185,34456,30271,0,0,0
1507017,319ec58b-4c03-1d16-38c4-f346e5dd614c,64,1469921,1493026,1507017,1491912,13991,37096,23105,0,0,0
1507562,0182c481-3bd1-4558-af2f-5f8b1a9226d6,64,1494829,1507017,1507562,1495891,545,12733,12188,0,0,0
1508860,091e11df-a2cf-c32d-4c34-f9de531b1e76,64,1494624,1507562,1508860,1495946,1298,14236,12938,0,0,0
1508920,215bdef5-dcaa-5893-c53d-1af98d40aeb2,64,1495511,1508860,1508911,1495966,51,13400,13349,0,0,0
1509131,d0013b99-2fc2-8f20-63ba-24b1408eff3d,64,1493376,1508920,1509125,1496373,205,15749,15544,0,0,0
1509449,dcad8ec2-963a-4333-e582-95dc75f1c654,64,1493675,1509131,1509449,1496666,318,15774,15456,0,0,0
1509509,9e541d3e-65e1-7146-2d8b-62b689cb09aa,64,1496257,1509449,1509502,1497140,53,13245,13192,0,0,0
1509885,db19de67-bc3a-8abb-a5aa-9765a8d3bb7d,64,1494817,1509509,1509847,1497241,338,15030,14692,0,0,0
1509945,2d49d235-bc77-5a20-b4a4-cb8027379316,64,1461310,1497537,1509922,1492683,12385,48612,36227,0,0,0
1510424,e8527018-bfa4-ce84-3987-51a2ddef7af4,64,1463188,1499155,1510424,1493186,11269,47236,35967,0,0,0
1510484,a05095fa-deba-0297-41e1-5f65a7610e80,64,1495493,1509885,1510440,1497270,555,14947,14392,0,0,0
1510544,7eca5b2d-341f-ab4a-b6ca-f84012adbc1b,64,1495195,1509945,1510516,1497371,571,15321,14750,0,0,0
1510680,2ecaf629-44e2-2691-92de-d495e4f1e8e8,64,1495783,1510484,1510673,1497713,189,14890,14701,0,0,0
1511031,9ca4364d-5d9a-d9f1-908e-3a956c6e8796,64,1493146,1510680,1511031,1497936,351,17885,17534,0,0,0
1513157,bf06d520-d88a-617b-2543-38df173d5030,64,1492930,1511031,1513157,1498432,2126,20227,18101,0,0,0
1513911,a832a228-8c65-d01b-1521-e8251177fdd5,64,1493546,1513157,1513911,1498739,754,20365,19611,0,0,0
1516635,075dacd4-255c-82c7-cade-e3ec68950908,64,1471122,1496319,1516635,1492564,20316,45513,25197,0,0,0
1517152,e8fb5a96-3b85-f6e1-c40f-54057a25ed81,64,1471680,1506480,1517152,1495891,10672,45472,34800,0,0,0
1518074,25e6d919-ddeb-cd5c-b842-7379d888dcb6,64,1463605,1513911,1518074,1498808,4163,54469,50306,0,0,0
1518816,d97e8d3c-04c4-f46a-e461-0160134d695a,64,1495818,1518074,1518816,1499947,742,22998,22256,0,0,0
1519417,0fb97b5d-520b-28f6-48d0-e602fa4ffba8,64,1421977,1506185,1519417,1495070,13232,97440,84208,0,0,0
1519532,b5103e9c-8618-e40d-15d6-a6585ce9dbbc,64,1463512,1502161,1519532,1494007,17371,56020,38649,0,0,0
1521870,7ecb002e-73d3-328c-1916-79d3d24025ea,64,1461282,1510424,1521870,1497531,11446,60588,49142,0,0,0
1522062,8257909d-5e3c-ff18-e1b3-9d6494e2a33d,64,1459055,1510544,1522062,1497830,11518,63007,51489,0,0,0
1522986,abfe1fb5-a6c2-b716-f7bd-77509a7650dd,64,1471742,1516635,1522986,1499618,6351,51244,44893,0,0,0
1525837,eb1bb47f-4726-9e7f-0c05-e009397bfdd7,64,1464597,1519532,1525837,1500289,6305,61240,54935,0,0,0
1526037,1667b920-926e-6991-aa82-cac85b74c4d1,32,1497803,1525837,1526037,1500670,200,28234,28034,0,0,0
1526756,3b7f1998-1eed-0236-6d89-9035f05d45c7,64,1464490,1519417,1526756,1500067,7339,62266,54927,0,0,0
1527052,e55b93ad-8976-b471-dd7f-57d1e45def26,64,1472349,1522062,1527052,1500347,4990,54703,49713,0,0,0
1528324,ff03f1a9-72ed-257b-435b-66254e7fb47f,32,1491339,1526756,1528324,1501010,1568,36985,35417,0,0,0
1528384,4a4a1b64-8c10-43d4-974a-25a0b81768f8,64,1463492,1521870,1528371,1500329,6501,64879,58378,0,0,0
1528844,8914bc96-5cb2-7033-35e0-edd684c62e4b,64,1494483,1528324,1528844,1501725,520,34361,33841,0,0,0
1529034,27180985-f2d6-c18c-03a3-574a919cf735,64,1495206,1527052,1529004,1501105,1952,33798,31846,0,0,0
1529310,c51b2922-ca91-6df7-3174-5b78c705dd1e,64,1447242,1522986,1529310,1500644,6324,82068,75744,0,0,0
1529780,ece42aa5-930e-6549-d24f-7225c519fd78,32,1461092,1519532,1529780,1500135,10248,68688,58440,0,0,0
1532021,18412e07-f583-4c69-407f-26542be4be9c,64,1492765,1529034,1532021,1502662,2987,39256,36269,0,0,0
1532351,c4d6afc4-4e63-64bc-c9b9-f6c0a3d853ec,64,1458004,1526037,1532334,1500978,6297,74330,68033,0,0,0
1532816,77ff3c31-c1f3-7837-8d78-3178c935a278,64,1495802,1529310,1532816,1503777,3506,37014,33508,0,0,0
1533273,6ad5401e-07e9-fb0b-998d-eba36ec8261b,64,1493514,1528844,1533273,1502398,4429,39759,35330,0,0,0
1535565,fc31654d-f6ae-7936-0071-4e0f2b23ace0,64,1461516,1517152,1535509,1499939,18357,73993,55636,0,0,0
1537396,a05ff5e6-c534-6e41-76d6-dc3938227b0d,64,1473444,1532351,1537396,1504512,5045,63952,58907,0,0,0
1539269,00231f70-0a77-b5cc-2e87-46510c2ca7fa,64,1457616,1535565,1539269,1505201,3704,81653,77949,0,0,0
1540247,4654e77d-de67-a278-9313-b3a7e5a1c6e4,64,1501216,1539269,1540247,1506658,978,39031,38053,0,0,0
1542242,109efb40-8ceb-ac57-d7e3-23cf6d651847,64,1472508,1533273,1542242,1504827,8969,69734,60765,0,0,0
1543439,9736bb4f-f5c8-ce3c-eee3-1d4710ecf6ae,64,1469152,1518816,1543439,1500048,24623,74287,49664,0,0,0
1544180,462e9af3-9962-2263-2abc-42b1059997f6,64,1458104,1540247,1544180,1507390,3933,86076,82143,0,0,0
1544462,15a905b4-08f6-1b3f-c0c9-1cd8d9f8a24e,64,1456965,1542242,1544462,1507762,2220,87497,85277,0,0,0
1546475,bfee7aef-6a60-6a4b-56b6-b8cca6124e53,64,1458391,1532816,1546475,1504809,13659,88084,74425,0,0,0
1546619,e8956041-1e71-afa9-7815-c7df0f2c01b7,64,1471198,1544180,1546619,1508069,2439,75421,72982,0,0,0
1550368,fbdc532e-6546-c66d-89b1-cad184c9b276,64,1495819,1546475,1550368,1509638,3893,54549,50656,0,0,0
1551329,82fce908-17c3-05fc-36b7-4e2748af7f10,64,1472505,1543439,1551329,1507962,7890,78824,70934,0,0,0
1551463,ce3fde9a-12aa-5ab4-7e59-a0d13c5168b0,64,1460352,1537396,1551463,1506274,14067,91111,77044,0,0,0
1553168,9bfe970a-2591-6ffa-09cd-33a65f6f83c5,64,1508596,1551329,1553168,1512787,1839,44572,42733,0,0,0
1553304,317046b9-3080-7a5d-62a5-0eec881af04f,64,1461734,1532021,1553304,1503900,21283,91570,70287,0,0,0
1554633,1246d2a5-6a7c-fd08-ae57-14e8d29c0131,64,1479451,1528384,1554633,1502221,26249,75182,48933,0,0,0
1555281,4cb4a7f6-9db8-ef7e-55ed-d864f68b6ba0,64,1463429,1551463,1555281,1512998,3818,91852,88034,0,0,0
1555425,877bfb50-14d0-945b-5257-fa5d9fa4b54f,32,1460789,1546619,1555425,1509945,8806,94636,85830,0,0,0
1555640,a7668617-78db-cde3-8a28-4792ffaca645,64,1493334,1550368,1555640,1510109,5272,62306,57034,0,0,0
1555921,bbe30fd2-4ed7-b3f3-9609-52eb61fe6f28,32,1484556,1546619,1555921,1509998,9302,71365,62063,0,0,0
1556392,b9a3773d-d283-4904-d40b-f9dc65fd5412,64,1497810,1555281,1556392,1514606,1111,58582,57471,0,0,0
1559725,3503ae05-1efe-ce73-4bb8-815707f6008e,64,1458271,1555640,1559683,1514652,4043,101412,97369,0,0,0
1562714,48e918f9-65f0-bb99-b1ec-c7c2ee3d114e,64,1501207,1554633,1562714,1514450,8081,61507,53426,0,0,0
1565345,1a9b0d42-154f-f37d-fefa-c198c3d6cd54,32,1464624,1555281,1565345,1514529,10064,100721,90657,0,0,0
1568931,e648d7ae-7830-4c6c-79eb-17974fb9ef37,32,1508491,1565345,1568931,1518085,3586,60440,56854,0,0,0
1570735,1b2aa4e4-c0e3-54e7-9b2d-f807fd225cba,32,1468852,1562714,1570735,1516410,8021,101883,93862,0,0,0
1571243,3f30ea12-cebc-a264-9ad7-5b94663463e9,64,1461038,1553304,1571243,1514238,17939,110205,92266,0,0,0
1572455,b9ef9fa8-3ec8-fe58-d728-2d3089111a42,64,1470721,1556392,1572455,1516153,16063,101734,85671,0,0,0
1573835,0143d636-fd54-225b-899d-6cd2e7232e8a,64,1464922,1553168,1573835,1513338,20667,108913,88246,0,0,0
1573979,576b67e3-eac7-c57b-fc96-fd06ce8b30ce,64,1471023,1559725,1573979,1516220,14254,102956,88702,0,0,0
1574409,a0180791-eeb0-93fe-c60e-a4d50d04dcb6,64,1461148,1555921,1574409,1515346,18488,113261,94773,0,0,0
1575202,92f71993-4884-3b5b-cdd3-214cb4508610,64,1462657,1568931,1575202,1518472,6271,112545,106274,0,0,0
1575339,f8ef32ee-ebac-12ef-8b2e-1eb3b523b1f3,64,1512411,1573835,1575339,1520894,1504,62928,61424,0,0,0
1575580,2336d60b-0f57-1d6b-1452-e1309ea8ffe3,64,1467815,1571243,1575558,1519414,4315,107743,103428,0,0,0
1575712,b6bd6dbe-3a8e-36fd-7e4c-410bd87534bf,64,1512310,1573979,1575712,1521276,1733,63402,61669,0,0,0
1576719,4ecad266-3f29-d615-f178-0077b96a33aa,64,1509011,1575712,1576719,1523715,1007,67708,66701,0,0,0
1578173,49560c36-8560-9e8a-a7fb-19979d2cd944,64,1511240,1575580,1578173,1523508,2593,66933,64340,0,0,0
1579102,ff9558a3-8d1d-282e-8e6b-24396a1e5d9a,64,1470686,1576719,1579102,1523753,2383,108416,106033,0,0,0
1579488,d2f18f28-a61b-dc7d-0511-2d7f12ecaf24,64,1511418,1572455,1579488,1519944,7033,68070,61037,0,0,0
1580592,5d0b042d-e9b1-4c76-420f-beef9defeab9,64,1511266,1575339,1580537,1523121,5198,69271,64073,0,0,0
1580652,a6cc0a57-8e01-4eb3-c352-8ba43f0e924b,64,1511387,1579102,1580642,1524145,1540,69255,67715,0,0,0
1580991,a180f402-fb3e-127f-5308-e1f29990e4a9,64,1464477,1578173,1580991,1523980,2818,116514,113696,0,0,0
1581901,3fab0c74-bbbb-cccc-8d8e-352b37328d15,64,1396896,1396896,1581901,1524348,185005,185005,0,0,0,0
1583840,f3dea9dc-469c-558b-496d-036a8092189b,64,1511816,1580652,1583840,1524427,3188,72024,68836,0,0,0
1584778,eb068b1e-6fc0-174f-57d7-14f13192c29c,64,1509983,1574409,1584778,1521379,10369,74795,64426,0,0,0
1584838,5583b4db-6746-0338-72c7-a202062e0778,64,1505123,1580592,1584791,1524354,4199,79668,75469,0,0,0
1585181,f6f61488-d620-15f0-5253-b6f72328051e,64,1512490,1575202,1585136,1523053,9934,72646,62712,0,0,0
1587238,22460ac9-4a7e-ebc2-db6f-1c33bbb4c0ce,64,1505023,1580991,1587238,1524435,6247,82215,75968,0,0,0
1587547,fb48ac14-0d0d-e136-4404-fe9a32fe1dea,64,1509952,1584778,1587507,1526171,2729,77555,74826,0,0,0
1587796,e6c9fd54-24bb-8796-09d6-8cdc5ed0b58c,64,1510620,1585181,1587796,1527327,2615,77176,74561,0,0,0
1588657,f4ac27ef-b734-d467-7bb9-5b07b1cb62d0,64,1512484,1581901,1588606,1524593,6705,76122,69417,0,0,0
1589091,1b3ac54c-e31f-2212-1654-c83f62510f01,64,1509771,1587238,1589091,1528136,1853,79320,77467,0,0,0
1589431,6f72bca4-db64-3c30-d5dc-4812902ea8c3,64,1511244,1583840,1589431,1524772,5591,78187,72596,0,0,0
1590617,b96c2da0-19a8-ec19-670a-858cf86b2e95,64,1510855,1587796,1590617,1528514,2821,79762,76941,0,0,0
1591135,2f2bdc13-b216-5b5a-1c60-57fee5605cfb,64,1510621,1589431,1591135,1529572,1704,80514,78810,0,0,0
1591255,c08fe6d7-b361-e70a-6b49-acc635e574e0,64,1511388,1588657,1591236,1529058,2579,79848,77269,0,0,0
1591435,4439940d-0e58-8770-2566-0316f39ef1be,32,1529498,1591255,1591391,1529985,136,61893,61757,0,0,0
1591504,d5b1a96a-2e4c-16e2-1b79-9e6bf52ef4a6,64,1528977,1591135,1591504,1529955,369,62527,62158,0,0,0
1591690,f41978cd-2dac-a88b-c1de-6d58518e58fd,64,1529365,1591435,1591690,1530026,255,62325,62070,0,0,0
1591821,3878becf-60dc-12eb-d413-c85063c4e76d,32,1511180,1588657,1591821,1529032,3164,80641,77477,0,0,0
1591881,1cc0b764-b06b-efca-56b4-05d7712dd406,64,1510098,1589091,1591853,1529438,2762,81755,78993,0,0,0
1592001,da495408-0011-be30-e268-d92f1b757ed1,64,1529397,1591690,1591967,1530425,277,62570,62293,0,0,0
1592092,05155381-e4dc-6680-7284-71562e8ca6bf,32,1529497,1592001,1592092,1530800,91,62595,62504,0,0,0
1592350,0420521e-41e7-ebba-f9ac-1a4f42516974,32,1528974,1592001,1592350,1530521,349,63376,63027,0,0,0
1592556,bb27f6bc-9888-f0d9-9423-251ebcb12a00,64,1509131,1591504,1592556,1530159,1052,83425,82373,0,0,0
1592856,37809a0a-4098-de31-d7f3-b054e266c16f,64,1530646,1592556,1592856,1531337,300,62210,61910,0,0,0
1593488,9267e278-9bd7-b9be-e265-eddaea02cc7d,64,1166533,1166533,1593488,1451626,426955,426955,0,0,0,0
1593707,4878917a-282d-94a3-0ad3-33617c226735,64,1509062,1591881,1593707,1530453,1826,84645,82819,0,0,0
1594341,6ba57136-9144-a442-82d8-a7f546ef7aaa,32,1529051,1593707,1594295,1531707,588,65244,64656,0,0,0
1594856,788f06ed-3c1e-919b-ee5a-400755367ab6,64,1509817,1593707,1594856,1531996,1149,85039,83890,0,0,0
1595072,230681aa-dd50-0d6b-163c-b5294357ac51,64,1504951,1592092,1595072,1530895,2980,90121,87141,0,0,0
1595800,ebc8f6b7-ee22-4f70-0359-9c6d1224cbd2,64,1521983,1593488,1595800,1531475,2312,73817,71505,0,0,0
1596333,88917cf5-7d88-23d2-0e51-208396e83922,64,1511058,1594856,1596333,1532159,1477,85275,83798,0,0,0
1597939,203d54c9-6485-525e-d858-f464c15da547,64,1509704,1587547,1597939,1528278,10392,88235,77843,0,0,0
1598772,56685b02-7387-d896-c3d0-81781d05ddbf,64,1509765,1592856,1598741,1531389,5885,88976,83091,0,0,0
1599163,a6b96653-a62b-3d30-e070-bdb9c98cd5fb,64,1509946,1595800,1599163,1532467,3363,89217,85854,0,0,0
1599507,f00d5a65-5fb8-4f18-d7d3-ce211f14eb34,64,1463757,1590617,1599507,1529683,8890,135750,126860,0,0,0
1599671,e226a768-de0e-9c53-4ae0-fd7a04e25132,32,1509131,1596333,1599671,1532479,3338,90540,87202,0,0,0
1600133,d123f7c1-b7a1-267e-9a1e-00365cbaa496,64,1530060,1599163,1600133,1532762,970,70073,69103,0,0,0
1600193,0a39561f-3473-d9d3-6c5b-059aafcd2960,64,1530560,1599507,1600134,1533077,627,69574,68947,0,0,0
1600637,aeb00fb9-26cb-2e99-2945-e93a4a454398,64,1529713,1600193,1600637,1533438,444,70924,70480,0,0,0
1600697,71980a55-f224-f64c-fd11-b3ff991b749e,64,1529195,1598772,1600648,1532717,1876,71453,69577,0,0,0
1600757,4648bbe8-f84c-e7a9-36cf-d2d52cd6e8df,64,1511882,1595072,1600753,1532380,5681,88871,83190,0,0,0
1601247,8a693650-a9a2-e9cd-7b6f-65df1d9d1d80,64,1529634,1600637,1601247,1533512,610,71613,71003,0,0,0
1601307,25dccca2-054e-6210-a3c9-f400ba6c557c,64,1530296,1600133,1601250,1533336,1117,70954,69837,0,0,0
1602143,668b179f-7e11-93ab-11cf-c46bc037c059,64,1531074,1600757,1602143,1533825,1386,71069,69683,0,0,0
1602285,b2b51b60-5c89-f06e-ea1b-248fea94d306,64,1532291,1601307,1602285,1534781,978,69994,69016,0,0,0
1602853,3b895644-549d-d3b5-4dfe-448cacb70476,64,1534546,1602143,1602853,1534996,710,68307,67597,0,0,0
1603522,f83b1806-ee4c-1b18-56a2-d49d9e5f8273,64,1511096,1597939,1603522,1532704,5583,92426,86843,0,0,0
1603582,28e60130-2d23-8ed1-7f5d-21f279731ea8,64,1537459,1603522,1603570,1537862,48,66111,66063,0,0,0
1603894,ab6b3f08-a9a0-f4ef-2c4f-54163c749c16,64,1537750,1603582,1603894,1538254,312,66144,65832,0,0,0
1604663,a13a9da2-94e7-eb2a-3434-02ef44cfa6ba,64,1534319,1603894,1604663,1538520,769,70344,69575,0,0,0
1604969,87d75309-de77-2156-1f76-043f9a16b853,64,1537901,1604663,1604969,1538819,306,67068,66762,0,0,0
1605066,95866982-f7e8-08a2-821d-f2cfd9fc13b8,64,1537765,1604969,1605066,1538832,97,67301,67204,0,0,0
1605791,3527bcee-d343-bf88-d1f3-79b18ebb8208,64,1537939,1605066,1605791,1538862,725,67852,67127,0,0,0
1605853,9fd60922-8b5f-74aa-e338-6d523483a23b,64,1537995,1605791,1605853,1538871,62,67858,67796,0,0,0
1606013,a5b2c7ea-2947-6f54-973e-129c35f0b1be,64,1511418,1596333,1606013,1532561,9680,94595,84915,0,0,0
1606073,ff8bb891-1b90-8e3f-25ce-5ac51e22c6b2,64,1537248,1605853,1606067,1539072,214,68819,68605,0,0,0
1606133,a8702d97-10e6-7176-3858-3966757256f6,64,1537761,1606013,1606124,1539171,111,68363,68252,0,0,0
1606475,9145aa38-7722-ec2c-36b9-ca355430c8c3,64,1538658,1606073,1606475,1539231,402,67817,67415,0,0,0
1606579,2d56e616-130c-d65b-3e32-b1b41b679a64,64,1535520,1606133,1606579,1539397,446,71059,70613,0,0,0
1607280,82e2b02d-8dbc-de5a-eb4a-ede646a52064,64,1511418,1601247,1607280,1533946,6033,95862,89829,0,0,0
1607562,924d4a86-efed-0e52-79f7-3374e92af09b,64,1537317,1606579,1607562,1540078,983,70245,69262,0,0,0
1607623,23966b83-5cd1-4b22-b0e8-b2fa4fc34759,64,1537765,1607280,1607623,1540079,343,69858,69515,0,0,0
1607790,4c4b52aa-0ef9-f903-b69a-deac06f4b0ee,64,1539662,1607562,1607790,1540081,228,68128,67900,0,0,0
1608594,a67155cd-76e9-efdc-47e4-b3f364ad2b39,64,1538492,1607790,1608594,1540788,804,70102,69298,0,0,0
1608982,7f6bf62c-a1c1-6b96-baab-d9f2850b7073,64,1537880,1607623,1608982,1540455,1359,71102,69743,0,0,0
1609422,497dd968-b4b6-c702-611a-7d790da761fd,64,1540066,1608982,1609422,1540894,440,69356,68916,0,0,0
1609652,4ad5433b-a84f-1cf1-2b45-11214218f371,64,1505080,1600697,1609652,1533580,8955,104572,95617,0,0,0
1609857,efb2d33c-171a-a532-4d07-018b416aa7f6,64,1541302,1609652,1609857,1542508,205,68555,68350,0,0,0
1610234,4674a0eb-47ed-c6dd-9da4-ec0f21ee0f6c,64,1539902,1609422,1610234,1541887,812,70332,69520,0,0,0
1611548,c42c40ce-24ec-755d-683a-755ef23e9b0b,64,1539653,1609857,1611548,1542558,1691,71895,70204,0,0,0
1611823,2ea9ef6c-4905-eb93-890a-83b4b639529e,64,1540475,1611548,1611823,1544021,275,71348,71073,0,0,0
1611994,b27c1721-89d4-4ce2-4f50-b59873bd980f,64,1542466,1611823,1611994,1544296,171,69528,69357,0,0,0
1613005,b636cc4c-5170-ca8a-a00e-0b6064eec4c1,64,1461798,1602853,1613005,1535938,10152,151207,141055,0,0,0
1613207,bce05a63-197f-9b8d-079b-f5e62275b1e2,64,1530562,1611994,1613207,1544612,1213,82645,81432,0,0,0
1613833,fee33607-6fec-cac2-90d2-abfe0425c430,64,1541548,1613207,1613833,1544869,626,72285,71659,0,0,0
1614873,9167adea-f8f1-066b-f395-1a4532ce6a3d,64,1532304,1613833,1614873,1544962,1040,82569,81529,0,0,0
1614956,b198047f-4612-d424-7ac0-67a69297eaac,64,1541307,1613005,1614956,1544772,1951,73649,71698,0,0,0
1615453,017cc74e-6f18-0343-bf41-5c985a8e8f05,64,1548901,1614873,1615453,1549475,580,66552,65972,0,0,0
1615556,d900da4b-ff31-7846-4600-fc5f1f9b5662,64,1531070,1610234,1615556,1542773,5322,84486,79164,0,0,0
1615676,fab8328f-2cae-93a2-89d7-16efa62d7221,64,1548914,1614956,1615676,1550377,720,66762,66042,0,0,0
1615961,341d85cd-c925-7285-2bc8-906f34a91b86,32,1550635,1615676,1615961,1551427,285,65326,65041,0,0,0
1616405,1e521d48-6a49-9f0b-29cb-31b126ea945e,32,1540474,1614873,1616405,1545299,1532,75931,74399,0,0,0
1617107,7c6166df-515a-6b43-3189-1f48e66e2c11,64,1539900,1615961,1617097,1551882,1136,77197,76061,0,0,0
1617962,1533fe82-21b3-b264-d9d7-6878def42b39,64,1551681,1617107,1617962,1552314,855,66281,65426,0,0,0
1620888,f7073712-88b0-4b77-7feb-4cf34ec77371,64,1533707,1615556,1620888,1551079,5332,87181,81849,0,0,0
1621729,047dd583-9344-7b2f-bba3-16688334e524,64,1521639,1606475,1621729,1539942,15254,100090,84836,0,0,0
1621861,0cbe938d-2b33-9734-da11-9684b385d9de,64,1541458,1617962,1621861,1553043,3899,80403,76504,0,0,0
1622570,314e9b45-0715-11b6-6506-6540c7d77fbb,64,1558292,1621861,1622570,1559455,709,64278,63569,0,0,0
1622782,4830effe-dd8a-bf0a-9278-f380b3510ddc,64,1558418,1622570,1622782,1559725,212,64364,64152,0,0,0
1623078,e988a44d-b9ca-5928-1e2d-22f6080fc9b3,64,1464680,1602285,1623078,1535754,20793,158398,137605,0,0,0
1623242,a2da43a7-fa1b-7659-6df6-5800997c0dc9,64,1558420,1622782,1623242,1559755,460,64822,64362,0,0,0
1623331,9645dec1-840d-214b-3bd5-48637974c90b,64,1558111,1623078,1623331,1559915,253,65220,64967,0,0,0
1623548,00937ba0-65a0-7e43-3d2d-ca8673020b26,64,1558898,1623331,1623548,1560293,217,64650,64433,0,0,0
1623812,12cb7604-34f6-f0dd-0952-9a77ce09e92a,64,1535505,1620888,1623812,1556572,2924,88307,85383,0,0,0
1623907,4838a888-1a2e-9864-f8ea-ca362f999b2a,64,1559665,1623812,1623907,1560549,95,64242,64147,0,0,0
1624016,36ca9390-96a2-e79d-6576-d828f5517659,64,1558837,1623548,1624016,1560497,468,65179,64711,0,0,0
1624244,b705e692-3faf-1b34-462e-27af67b4c897,64,1558178,1624016,1624244,1560951,228,66066,65838,0,0,0
1624715,af4afcdd-52cb-1ae0-6e18-c9b3c6da85f1,64,1559362,1623907,1624715,1560763,808,65353,64545,0,0,0
1624775,7fbccd75-be19-24aa-dab7-12f6764231c3,64,1558175,1623242,1624724,1560048,1482,66549,65067,0,0,0
1625038,654fda31-18d3-ab67-1f9d-4db1d983dadf,64,1558602,1624775,1624995,1561248,220,66393,66173,0,0,0
1625291,a5dd2836-e65f-a9fa-c38c-2eafa8097a77,64,1558236,1624715,1625291,1561245,576,67055,66479,0,0,0
1625621,a2e13d75-b2e2-f3cc-3873-335fca3f48a4,64,1558617,1625038,1625621,1561317,583,67004,66421,0,0,0
1625719,a72edd5f-4a0c-408d-9ee8-27fad451b59f,64,1558879,1624244,1625719,1561095,1475,66840,65365,0,0,0
1625821,4f4c3f0b-34a7-3f9d-ded5-c01721433dfc,64,1542513,1621729,1625821,1556833,4092,83308,79216,0,0,0
1626025,80dc4873-9eb3-18ad-9c15-b25e2379750a,64,1558123,1625291,1626025,1561424,734,67902,67168,0,0,0
1626085,cd04c001-56a3-dccc-c93c-9cc6668b28da,64,1559231,1625821,1626043,1561684,222,66812,66590,0,0,0
1626431,fcfd348c-00f0-f7fe-b8e7-bcf5854c0d1f,64,1558981,1625719,1626431,1561516,712,67450,66738,0,0,0
1626961,7b0c036b-d23f-144f-acde-afcd63065765,64,1558146,1625621,1626961,1561479,1340,68815,67475,0,0,0
1627405,57549c43-ce96-a698-bc8b-7eb7037146f7,64,1560952,1626431,1627405,1562680,974,66453,65479,0,0,0
1628048,ce4d89f3-94cb-b94e-80dc-4cf971b0c1fa,64,1561433,1627405,1628048,1563183,643,66615,65972,0,0,0
1628540,69a31ab6-5ced-1a62-817e-f8408ace3a10,64,1557814,1626025,1628540,1561954,2515,70726,68211,0,0,0
1628954,e06a46b2-bd93-183f-d17b-d6cc2195e073,64,1561288,1628048,1628954,1564705,906,67666,66760,0,0,0
1630403,9af4ab8a-8908-d3f9-d619-5c4f4db1f8cb,64,1561622,1628540,1630403,1565276,1863,68781,66918,0,0,0
1630953,db6a34ea-c3a5-8237-01b2-16cf9d23c3cf,64,1560340,1630403,1630953,1566680,550,70613,70063,0,0,0
1632264,594de8d7-add7-4b0f-e90b-365143eb4ff0,64,1562184,1630953,1632264,1567210,1311,70080,68769,0,0,0
1633894,9425fc3a-6964-a112-55fc-0f2ba50939f1,64,1426463,1544462,1633894,1509566,89432,207431,117999,0,0,0
1634802,3ec2e72a-c832-b3f0-2b0e-63fdfc3d3138,64,1565021,1633894,1634760,1568980,866,69739,68873,0,0,0
1635518,2e2cb850-6b17-bd75-307a-1acbad5c3c49,64,1568455,1634802,1635518,1569414,716,67063,66347,0,0,0
1635589,2ad3136f-a338-17fa-b9db-138870aff6eb,64,1569287,1635518,1635589,1569899,71,66302,66231,0,0,0
1636403,0ab2e2ca-73a5-5d2e-8e1e-7525e957967a,64,1413263,1413263,1636375,1526448,223112,223112,0,0,0,0
1636696,9c595e03-4d2d-3557-0e06-a41671219097,32,1568380,1636403,1636696,1570318,293,68316,68023,0,0,0
1637176,6c2b5781-c1a9-5ee2-1718-cfde6c4e5a8c,32,1570468,1636696,1637176,1571191,480,66708,66228,0,0,0
1637622,08651a6e-1b99-eb83-3244-0f070ae263e0,64,1561599,1635589,1637622,1570068,2033,76023,73990,0,0,0
1637871,86c45e42-955b-c346-31f5-5560a42d10f5,32,1569918,1637622,1637871,1571760,249,67953,67704,0,0,0
1639159,5cc624ef-0464-3f52-d9c0-99f6fe709416,64,1565577,1637176,1639159,1571755,1983,73582,71599,0,0,0
1639342,d0411dec-6ab9-ba0f-76c6-533e1b7a5c94,32,1573345,1639159,1639342,1573974,183,65997,65814,0,0,0
1639924,178926f3-f91e-8b9b-4596-7e762824162d,32,1570197,1639342,1639924,1574147,582,69727,69145,0,0,0
1641004,e32a2749-eea7-a67f-ee1c-b89a74f935ca,64,1564987,1637871,1641004,1572800,3133,76017,72884,0,0,0
1641299,cf3a2f8d-57f7-31e3-8add-397642fc7edf,32,1570475,1639924,1641299,1574526,1375,70824,69449,0,0,0
1641299,9b4cccb0-8f88-1e63-7ce4-858eb5622984,64,1572283,1641004,1641299,1574948,295,69016,68721,0,0,0
1641697,93fde248-aac0-4912-084d-7822da948e70,64,1571449,1641299,1641697,1574992,398,70248,69850,0,0,0
1641933,1b98a0e3-9a06-8a93-0ac7-256b61f13c8c,32,1575825,1641697,1641933,1576338,236,66108,65872,0,0,0
1642179,e70d8d07-594d-30a9-35f5-afea80d2157b,64,1570218,1641299,1642179,1575011,880,71961,71081,0,0,0
1645281,868592d2-5fb6-8406-b665-8a3452630028,32,1549427,1636403,1645281,1570161,8878,95854,86976,0,0,0
1645576,e008e8ed-3ecf-5f0a-380e-c19dfbb713fd,32,1575520,1645281,1645576,1578751,295,70056,69761,0,0,0
1645853,3c1d10be-3025-57f7-df3a-d6e8f6939800,32,1578579,1645576,1645853,1579649,277,67274,66997,0,0,0
1646165,266a8b90-ee28-b2f4-4a76-a0ea0b6b9944,32,1578618,1645853,1646165,1580989,312,67547,67235,0,0,0
1651004,56847457-1cfc-df01-f840-1eea5f8f8538,32,1572354,1646165,1651004,1581666,4839,78650,73811,0,0,0
1656486,50392a8c-da73-dae0-209e-6e485e24038e,32,1576472,1651004,1656486,1583350,5482,80014,74532,0,0,0
1659316,3ff69f41-9508-2801-e3be-7ca05df924fb,32,1576738,1656486,1659316,1584773,2830,82578,79748,0,0,0
1659489,c82585fa-c60b-846e-06bf-1fb70e2bd8c9,32,1584893,1659316,1659489,1585880,173,74596,74423,0,0,0
1659679,a9a0758e-f3a7-bd25-940e-35219a26755a,32,1585462,1659489,1659679,1586669,190,74217,74027,0,0,0
1659937,f9f15e65-c919-8c69-cbfe-68f0b8a9f704,32,1587427,1659679,1659937,1588492,258,72510,72252,0,0,0
1660135,a8aa454e-cf76-770a-7ff2-e80a027a76dc,32,1588458,1659937,1660135,1589051,198,71677,71479,0,0,0
1661276,52581086-eecc-0487-b95d-43d62b7f90a5,64,1549365,1642179,1661276,1578743,19097,111911,92814,0,0,0
1661964,7d8da92b-93ba-f4a3-23cd-8a4471e64bce,32,1587446,1661276,1661964,1589786,688,74518,73830,0,0,0
1663147,7d457a09-402d-35e8-1f47-d9021ba84a91,64,1580532,1660135,1663147,1589415,3012,82615,79603,0,0,0
1663964,56f401e5-c1e9-c4fa-3e47-27fdc51c91f4,64,1585121,1661964,1663964,1590074,2000,78843,76843,0,0,0
1666439,d2333b12-5ad2-7e7a-4b40-601a99260664,64,1580308,1663147,1666439,1590249,3292,86131,82839,0,0,0
1668620,3ae61863-a544-8d55-13c7-f140ea224efd,32,1580742,1666439,1668620,1590631,2181,87878,85697,0,0,0
1669962,cb505aa3-0c4a-ef81-a1c2-e70c629153bf,32,1581043,1668620,1669962,1591130,1342,88919,87577,0,0,0
1670410,23d86a4f-c2e6-0c05-0926-8f85982c7129,32,1588964,1669962,1670410,1591595,448,81446,80998,0,0,0
1672300,696f9074-4084-a290-7e50-a000c474e1c0,32,1580399,1670410,1672300,1592041,1890,91901,90011,0,0,0
1677214,7eb3a98f-de7a-69b4-4271-441846b1654a,32,1569760,1672300,1677214,1592397,4914,107454,102540,0,0,0
1677626,f17aa7a9-243d-116d-4563-abbe51883a26,64,1569720,1663964,1677626,1590444,13662,107906,94244,0,0,0
1677796,16718639-fcb8-6f9e-8769-0baaa104bdce,32,1591165,1677626,1677796,1593142,170,86631,86461,0,0,0
1679510,4421c1e1-2a8b-5fc8-d006-862ab31eb8f5,32,1581415,1677796,1679510,1593342,1714,98095,96381,0,0,0
1680115,c69e17c9-6018-5b17-bec5-715ca71db3a6,32,1591922,1679510,1680115,1594438,605,88193,87588,0,0,0
1680175,be9cafcf-ed17-f6e9-8cdc-718dc4057420,64,1426429,1615453,1680140,1550506,64687,253711,189024,0,0,0
1680325,e43081aa-6022-e3ff-3330-4e33deb0de7d,32,1594686,1680175,1680325,1595285,150,85639,85489,0,0,0
1680483,0cc46000-ae60-8948-1bf3-84ef6efe2368,64,1591345,1680115,1680451,1595202,336,89106,88770,0,0,0
1680603,d5bf85f3-2e3f-674c-48bb-db12de4097c3,64,1594281,1680325,1680566,1595433,241,86285,86044,0,0,0
1681200,6928043e-d492-b51a-3828-3a052baa43c9,64,1413025,1413082,1681200,1565321,268118,268175,57,0,0,0
1682369,ce0ed735-632f-ff79-af73-4c45f2f39f61,64,1594484,1680483,1682369,1596942,1886,87885,85999,0,0,0
1682573,e52a33e6-fec5-8a89-1db3-c0756fb9de37,32,1597780,1682369,1682573,1598170,204,84793,84589,0,0,0
1682667,0a1bebd3-e60e-c813-402d-a0fa227dcecc,32,1597012,1682573,1682667,1598197,94,85655,85561,0,0,0
1682795,2b24ef63-f6f3-2192-72da-dc219b7cd539,32,1597659,1682667,1682795,1598254,128,85136,85008,0,0,0
1683042,4aaa7f99-4a34-041e-0c78-947b5b21c9f0,32,1597716,1682795,1683042,1598786,247,85326,85079,0,0,0
1684140,65f69897-7a8e-5e5c-a444-c04046633755,32,1588735,1680603,1684140,1597256,3537,95405,91868,0,0,0
1684859,d11756d5-8c0d-ea8b-3448-a24723a86b61,64,1588726,1681200,1684859,1597974,3659,96133,92474,0,0,0
1684919,9d96bf5e-4d9e-9bb9-feb2-f90442cf4e6d,64,1581720,1683042,1684861,1599307,1819,103141,101322,0,0,0
1685023,9123f2c5-c4c9-3949-6334-fca6d04f0a71,64,1597672,1684859,1685023,1599369,164,87351,87187,0,0,0
1686011,f64f98b4-4237-a5ff-bbb8-90dea025e80b,64,1596408,1684919,1686011,1599443,1092,89603,88511,0,0,0
1686637,a5c9cf20-3967-26aa-ad2b-2c8276a990f1,64,1595701,1686011,1686637,1599928,626,90936,90310,0,0,0
1687430,d6eaf269-514e-1353-2f23-7c4d1e4ea133,32,1595075,1686637,1687430,1599966,793,92355,91562,0,0,0
1690311,869d4cb7-b7f5-155a-039d-08d01e0aaf12,32,1569741,1682369,1690311,1598040,7942,120570,112628,0,0,0
1690848,0c995e2d-a7a9-98ab-103f-3a468d8a7957,64,1570847,1677214,1690848,1593082,13634,120001,106367,0,0,0
1691016,7011a2be-ce4f-4c66-5645-b6bb59c085a8,64,1598282,1690311,1691016,1600454,705,92734,92029,0,0,0
1691339,6e025590-0f32-fb39-3ce7-c8078c2d23a9,64,1598337,1690848,1691339,1601048,491,93002,92511,0,0,0
1691707,b417dee1-b8dc-6390-8127-8b8612ea7890,32,1598712,1691339,1691707,1603155,368,92995,92627,0,0,0
1693044,c2ffd690-a2a6-861a-2ce2-7ec9550100bf,64,1581316,1686637,1693044,1600290,6407,111728,105321,0,0,0
1694348,7c2c0791-f6bf-faa9-71fc-f2e6b3dd7820,64,1571091,1691707,1694348,1603441,2641,123257,120616,0,0,0
1694629,7b1463c9-30bf-7f5a-b01d-e9361527690a,64,1571091,1691016,1694629,1602571,3613,123538,119925,0,0,0
1696125,a7fb859f-7925-7d0f-e545-5ccc35b39c0e,64,1579888,1685023,1696125,1599714,11102,116237,105135,0,0,0
1696293,6c24dcaa-5660-82e1-646c-d3c18c45fc9e,64,1588552,1694348,1696293,1604035,1945,107741,105796,0,0,0
1697213,0426fe7b-0604-76dd-30e5-ce91d082b3b4,32,1412962,1412962,1697213,1578009,284251,284251,0,0,0,0
1698070,47efa886-d5b5-b7b0-f92e-dfa1df266424,64,1591929,1694629,1698070,1604110,3441,106141,102700,0,0,0
1698392,f97f4994-1f38-df55-033a-c4d6d4085391,64,1588538,1693044,1698392,1603787,5348,109854,104506,0,0,0
1700002,f311a3a1-45a8-8731-e00f-6ea257647ecf,64,1592453,1696293,1700002,1604540,3709,107549,103840,0,0,0
1700360,665e467f-e1bb-7399-c7c4-32a0c3af3d93,32,1597398,1698070,1700360,1605825,2290,102962,100672,0,0,0
1700701,c7688339-27ef-5357-5b24-9c2a9e5c5dcd,64,1588712,1696125,1700701,1604282,4576,111989,107413,0,0,0
1700796,de72d970-10c4-9f9e-b020-321be90f4137,64,1595928,1698392,1700796,1606790,2404,104868,102464,0,0,0
1703046,1b2375d0-b38f-10f2-0dd8-67e55f26b2a6,64,1581318,1698070,1703046,1606289,4976,121728,116752,0,0,0
1704278,8bab4c1b-904a-a134-0902-8dd7a0d763f0,64,1588537,1700796,1704278,1610812,3482,115741,112259,0,0,0
1705703,35a7ac9b-48f9-fd0d-5d3b-c1d3a5159982,32,1602704,1704278,1705703,1611827,1425,102999,101574,0,0,0
1707215,96d26487-641a-4b74-54c9-3d44e353a243,64,1569741,1700701,1707215,1609148,6514,137474,130960,0,0,0
1707988,a8dbe9a1-d857-ec60-48f7-972661ae2255,64,1569926,1700002,1707988,1607051,7986,138062,130076,0,0,0
1709522,638e1388-8faf-6d4a-a5a9-9ebcbe0ec2da,64,1569753,1703046,1709522,1611728,6476,139769,133293,0,0,0
1711674,0a148b9f-b6db-95fb-8d73-7aa20ab832ea,64,1591307,1709522,1711674,1617501,2152,120367,118215,0,0,0
1711913,13c3fc1b-d77a-80b8-9ae6-befe8f2de908,64,1615072,1711674,1711913,1617569,239,96841,96602,0,0,0
1713643,c523b4e9-022f-46bb-42d9-c5d7e991e6d5,64,1570764,1704278,1713643,1611857,9365,142879,133514,0,0,0
1715971,6334db06-52ac-de30-51c8-10ef802643c4,64,1602755,1711913,1715971,1617984,4058,113216,109158,0,0,0
1718409,b506c24d-8fff-29f7-3485-0fcd2f3b2b18,64,1569689,1715971,1718409,1622992,2438,148720,146282,0,0,0
1720171,151248e1-1504-2b41-19c4-d7d61537846c,64,1569689,1713643,1720171,1622193,6528,150482,143954,0,0,0
1721179,c94b3a6f-72ef-917e-3af8-34f29aef9aec,64,1569613,1707215,1721179,1612146,13964,151566,137602,0,0,0
1722248,e5c482ff-5e5a-90c1-52a4-73f94c9e903a,64,1569990,1707988,1722248,1615079,14260,152258,137998,0,0,0
1723518,e7094153-5a31-e916-eefb-2a2471693ed5,64,1569613,1721179,1723518,1624351,2339,153905,151566,0,0,0
1723963,ceef7261-bb15-02ea-0991-2f464ce6928b,64,1622352,1722248,1723906,1625386,1658,101554,99896,0,0,0
1724137,eede901c-be29-04f8-1b52-a1e6cdfc9ce7,64,1624978,1723518,1724137,1626914,619,99159,98540,0,0,0
1724197,26fa466b-1573-3a73-8266-557cefc66c4c,64,1627474,1723963,1724197,1628291,234,96723,96489,0,0,0
1724369,237c56bb-48d1-60c6-9cdc-546cd4f0fd63,64,1634682,1724137,1724369,1635407,232,89687,89455,0,0,0
1724448,35910434-d342-66c9-4d88-136e67f778de,32,1635207,1724369,1724448,1636094,79,89241,89162,0,0,0
1724508,2213cdad-661d-3354-aa55-e9af537574b0,64,1634697,1724197,1724485,1635547,288,89788,89500,0,0,0
1724796,88516447-6e5b-9598-a8f0-e3e02f369832,32,1634877,1724508,1724796,1636884,288,89919,89631,0,0,0
1724857,bf144332-4f6a-648f-cca9-7f8184381157,64,1413267,1413323,1724857,1563068,311534,311590,56,0,0,0
1725112,7d05121c-ceee-7d65-1904-8ca79291e493,64,1569686,1718409,1725112,1623604,6703,155426,148723,0,0,0
1725172,8448d4ed-b2be-520f-1e1f-86f795ede22d,64,1636343,1724796,1725149,1637064,353,88806,88453,0,0,0
1725624,b52c4358-d4a8-b45a-75d1-d77614c08f6d,32,1637711,1725172,1725624,1639354,452,87913,87461,0,0,0
1726282,86cc556b-f0bb-1e32-c14f-a9be05209457,32,1627889,1724137,1726282,1632137,2145,98393,96248,0,0,0
1727499,c6141017-11e1-21c7-18cc-84170067743e,64,1617047,1725624,1727499,1644614,1875,110452,108577,0,0,0
1727945,11186c1a-8540-02b0-2aa8-2f4e4fc4e8cd,64,1630103,1724448,1727945,1636231,3497,97842,94345,0,0,0
1728431,9cf021b8-4fff-fb59-9462-8786cc502a89,64,1633980,1724857,1728431,1638572,3574,94451,90877,0,0,0
1729012,9181c8a2-30e3-1645-b66c-4a03378aa526,64,1460640,1608594,1729012,1540805,120418,268372,147954,0,0,0
1729618,887cedb9-ccdd-d6b3-0c07-e0e386695d31,64,1680535,1728431,1729618,1697443,1187,49083,47896,0,0,0
1731349,5c91f845-534f-c96d-19ca-9c1b94bcf47a,64,1593076,1720171,1731349,1624159,11178,138273,127095,0,0,0
1732459,0d22af35-b648-be8a-c4e7-75b92dca365a,64,1412969,1413022,1732459,1568385,319437,319490,53,0,0,0
1733180,1579bc24-3ffd-f8f1-97e9-afe27d6448b2,64,1680423,1731349,1733180,1704994,1831,52757,50926,0,0,0
1733488,8185ca84-90fc-59ed-bfba-5b2cba89c0b8,64,1727004,1733180,1733488,1728628,308,6484,6176,0,0,0
1733583,c61f98b1-6097-5bc0-64ab-d0358f65abf9,64,1729439,1733488,1733583,1731514,95,4144,4049,0,0,0
1733978,dfb68a5f-bb81-41f0-7bc4-d138ec737598,64,1680945,1729012,1733978,1699689,4966,53033,48067,0,0,0
1734870,ec78342e-f52d-82cc-302d-8d1fa555dfa1,64,1729381,1733583,1734870,1732598,1287,5489,4202,0,0,0
1739417,5afaeb32-419b-f74e-8247-23c3a32a4516,64,1723903,1734870,1739417,1738922,4547,15514,10967,0,0,0
1739631,10372a5c-b893-b08a-5219-02163d211daf,64,1738158,1739417,1739631,1739103,214,1473,1259,0,0,0
1739790,732af4e8-e9d1-c994-1553-8cc94444a6bd,64,1739437,1739631,1739790,1740775,159,353,194,0,0,0
1741639,8c53b74c-0c9f-a6e6-becc-f7609249ee3a,32,1739427,1739790,1741639,1743301,1849,2212,363,0,0,0
1741801,b3efbaa9-05c6-6c4d-4523-19ae45ec257f,64,1681008,1729618,1741801,1701715,12183,60793,48610,0,0,0
1741889,6f9a544a-3de3-72e9-1141-26afce70d3f7,32,1739520,1739790,1741889,1741115,2099,2369,270,0,0,0
1742482,84681060-743e-5fef-06a6-1b3dc86e0b55,64,1741955,1741955,1742471,1742461,516,516,0,0,0,0
1742542,4b11c181-2dc1-2143-4469-8c048af190cb,64,1742422,1742422,1742483,1742781,61,61,0,0,0,0
1742761,8c8181b4-fe8b-4ccb-fd75-a5f3eeafca83,64,1742009,1742015,1742761,1743507,746,752,6,0,0,0
1742821,fe914b95-a0b6-d265-9120-6a372703c75d,32,1742552,1742602,1742816,1743587,214,264,50,0,0,0
1743266,2449ea0f-5e6b-1e56-7a23-53358d759038,32,1742028,1742542,1743261,1744417,719,1233,514,0,0,0
1743386,d0e34b2b-1ca6-4c33-30d8-67cd038d5f5a,64,1743206,1743206,1743357,1744897,151,151,0,0,0,0
1743455,ff97588e-f6cd-d0d1-aa31-e22b4cda3e1c,64,1743298,1743326,1743455,1746242,129,157,28,0,0,0
1743722,7e000029-c47f-9b05-851b-5f38c0697f1d,64,1740894,1741639,1743722,1746587,2083,2828,745,0,0,0
1743955,8b2ab759-2fc6-c4e6-9113-5d7e30952621,64,1743234,1743455,1743955,1746714,500,721,221,0,0,0
1744356,8971b1bb-992b-ba0e-ca85-7fe44014c0f8,32,1743723,1743782,1744347,1746700,565,624,59,0,0,0
1744470,8921349f-eccb-853b-cd22-7ff2635fa3f3,64,1627634,1727945,1744470,1660075,16525,116836,100311,0,0,0
1744601,027e789c-ce40-483b-7915-ad7e2648c819,32,1744298,1744356,1744601,1745726,245,303,58,0,0,0
1744724,5532a5c2-233c-790a-e280-70d140d1bc31,64,1729235,1733978,1744724,1735275,10746,15489,4743,0,0,0
1744784,3dc0f8cf-1b6c-2937-e282-d170f5080d9c,64,1740773,1741801,1744766,1747217,2965,3993,1028,0,0,0
1745660,5987038a-fcd6-c18e-2b54-500d4e089bb4,32,1744296,1744296,1745627,1747658,1331,1331,0,0,0,0
1745901,df9f1099-0b4b-a6c4-a672-5796feef341b,64,1745600,1745600,1745901,1746929,301,301,0,0,0,0
1746547,4a9b0dc7-97e7-1b55-446f-c2131b87a428,64,1745965,1745965,1746547,1747401,582,582,0,0,0,0
1746804,9e3bc735-071f-1a27-272e-31b197e1bc36,64,1746013,1746025,1746804,1747299,779,791,12,0,0,0
1748750,7951d52b-21cc-8ba7-ee85-4c728a9b7b20,64,1745969,1746547,1748750,1753611,2203,2781,578,0,0,0
1749247,777028e6-a53d-2350-5bd1-b61cecba63b3,64,1745610,1745660,1749247,1753403,3587,3637,50,0,0,0
1750190,acffa99f-f005-8f9a-a6a2-c94556f11afb,64,1745991,1746025,1750190,1752233,4165,4199,34,0,0,0
1750486,70a32883-cc58-2872-a2fb-a345a84ca488,64,1497977,1626085,1750486,1562063,124401,252509,128108,0,0,0
1758988,136d6cce-a535-f9d7-43ff-fdea3bd9b015,64,1575094,1732459,1758988,1711472,26529,183894,157365,0,0,0
1760972,33b70b63-4bee-f160-7fac-89fe5fe0c7c3,64,1759886,1759886,1760972,1770999,1086,1086,0,0,0,0
1761319,9b0707e5-f68e-ce81-adf9-568bde0bde18,64,1759364,1759401,1761319,1765035,1918,1955,37,0,0,0
1761794,45590d60-265f-d5c1-78e7-e190642bb07d,32,1759527,1759527,1761794,1765441,2267,2267,0,0,0,0
1763105,6491982b-e5ad-481d-577f-4c1626d658fb,64,1762832,1762832,1763105,1763629,273,273,0,0,0,0
1763280,5302e6e2-387b-ccda-7133-0766d11ce313,64,1763133,1763165,1763280,1763759,115,147,32,0,0,0
1763340,39a90a45-104b-5372-816e-a5c24ab3c590,64,1759258,1759281,1763339,1773398,4058,4081,23,0,0,0
1763495,37850b5c-3ce5-988c-7e53-d702e1f8d192,64,1759300,1759341,1763479,1773921,4138,4179,41,0,0,0
1763850,89fab5cc-95b0-4f8a-d64f-10b584d6b400,64,1763435,1763435,1763850,1763925,415,415,0,0,0,0
1766307,fc24a159-eada-2885-efda-70bf78920f72,64,1759221,1759221,1766307,1770813,7086,7086,0,0,0,0
1767049,a7fc1bad-76ca-1cbe-c34f-b3a955849e58,64,1766807,1766838,1767049,1767744,211,242,31,0,0,0
1767506,330062f1-e231-8ce6-45d6-2ecd3030d7f4,64,1767187,1767187,1767506,1768207,319,319,0,0,0,0
1767566,dc89e59a-5190-ae93-e9d0-c2ecaa8d904c,64,1756053,1756053,1767537,1836356,11484,11484,0,0,0,0
1767626,39c2c1a2-bcc9-245c-fd81-fbc0067ec672,64,1767218,1767247,1767622,1767757,375,404,29,0,0,0
1768026,3513a238-d91b-1a04-bcca-ba381e30614f,64,1766731,1766778,1768026,1768676,1248,1295,47,0,0,0
1768303,4cc6d67e-cddb-3f9e-8130-0e684d45d885,64,1766718,1766718,1768303,1769955,1585,1585,0,0,0,0
1768406,c227e0f2-0510-6943-be3e-b6f738b595b9,64,1766742,1766778,1768406,1770696,1628,1664,36,0,0,0
1792958,09624ec9-e803-82eb-3677-7be4970c9eb4,64,1424219,1725112,1792958,1639072,67846,368739,300893,0,0,0
1810573,31209ff4-2809-06a9-52e2-4a8e2793b627,64,1809391,1809391,1810532,1813951,1141,1141,0,0,0,0
1810940,462741ec-08ac-784f-ca10-b49968028b3b,64,1810449,1810449,1810925,1817023,476,476,0,0,0,0
1811060,aacefa98-732e-9280-c2fd-617775ffe99a,64,1810642,1810693,1811002,1814135,309,360,51,0,0,0
1811379,c1a8a33b-6b77-fe6e-e123-61753e22a676,64,1810875,1810880,1811379,1815160,499,504,5,0,0,0
1811473,58fde70b-df91-07d5-2055-25c64bb3e035,64,1810598,1810633,1811473,1814169,840,875,35,0,0,0
1811533,eade7b17-b0d0-90bd-0dff-01baf0db6ecb,64,1810908,1810940,1811497,1813382,557,589,32,0,0,0
1811734,ac8d8f32-1477-b569-6e1a-b11ad1550475,64,1810833,1810880,1811734,1813630,854,901,47,0,0,0
1811794,9f8acdeb-2e8f-f5a8-c47a-3b7ed209383b,32,1810675,1810693,1811768,1815974,1075,1093,18,0,0,0
1812089,fbf3a106-260b-13e0-4ce6-929f7a44bd05,32,1810530,1810573,1812089,1817341,1516,1559,43,0,0,0
1812311,52c83bfc-5b48-961f-1b1b-4cd736ba4918,64,1810985,1811473,1812311,1817540,838,1326,488,0,0,0
1812371,ef19117f-a452-cdef-827b-8c898d3f433b,64,1810513,1810513,1812335,1817274,1822,1822,0,0,0,0
1812431,47820b9c-488f-edb6-2404-c66d49869729,64,1811508,1811533,1812377,1817301,844,869,25,0,0,0
1812599,c78e0272-c43b-e7af-8120-053d1aefff21,64,1810986,1811000,1812599,1814561,1599,1613,14,0,0,0
1812705,06b81c8a-03f9-c74d-085d-5d016a2062aa,64,1810820,1810820,1812705,1817624,1885,1885,0,0,0,0
1812917,37f3f32b-5a81-762a-5059-f77b79ff89d9,64,1810738,1810753,1812917,1813980,2164,2179,15,0,0,0
1813003,d0b66c10-6bfd-01bc-9a93-03eae75ec164,64,1811296,1811794,1813003,1818006,1209,1707,498,0,0,0
1813983,f27f3ad7-4890-7b6d-d240-ef02a9681fc1,64,1811817,1812311,1813934,1818029,1623,2117,494,0,0,0
1814043,3360d115-48b5-1c88-0f63-5f4a2b9a118e,64,1813521,1813524,1814033,1819978,509,512,3,0,0,0
1814915,84909370-e430-fb91-556f-e90eb5ccdbe6,64,1814404,1814404,1814879,1818155,475,475,0,0,0,0
1814975,ef15b821-ade6-bf3c-cc2a-261d5d7233db,64,1814409,1814464,1814953,1816930,489,544,55,0,0,0
1815349,4052e3a5-66fd-3215-6a10-7fb733383ec9,64,1813735,1813735,1815328,1817176,1593,1593,0,0,0,0
1815726,3e39bf9b-e9b8-b3ea-2456-d76756ff66fd,64,1814704,1814735,1815726,1817794,991,1022,31,0,0,0
1815786,e041f0a3-3056-b87f-e8f2-6d6384bed7ed,64,1815221,1815229,1815783,1818416,554,562,8,0,0,0
1815846,6c944bca-e8c0-8c02-7200-fc98b963c2fc,64,1814774,1814795,1815796,1817541,1001,1022,21,0,0,0
1815906,0a398bf7-27a1-58a0-efff-a2f4b5ae329d,64,1814213,1814223,1815855,1818300,1632,1642,10,0,0,0
1815906,ad4b24ec-5b67-3a25-42c4-5041e1831003,64,1813634,1813644,1815889,1819042,2245,2255,10,0,0,0
1815966,7616e3a2-3d9d-49d4-35e6-6d4c539cb0bb,64,1814591,1814615,1815920,1817450,1305,1329,24,0,0,0
1816396,b0d508a9-e4b8-1e89-6287-729e12194d94,64,1815081,1815906,1816396,1819305,490,1315,825,0,0,0
1816516,61cb78c3-513f-f9a9-8724-91cadc11eb13,64,1815013,1815906,1816457,1819466,551,1444,893,0,0,0
1816516,b1eedf64-090b-23ed-2ae1-d0bc4a099088,64,1813464,1813464,1816493,1819685,3029,3029,0,0,0,0
1816636,af7d7f21-1bd6-b03d-9927-839b11d1ce50,64,1814841,1814855,1816636,1818099,1781,1795,14,0,0,0
1816819,9417e0f5-aaff-96ff-b904-6b5213eb4599,64,1816524,1816576,1816819,1817562,243,295,52,0,0,0
1817238,fc73e358-4208-9fc8-75f3-21cbc59de4aa,64,1814555,1814555,1817238,1819036,2683,2683,0,0,0,0
1817495,2b589b3f-e2a6-3e3c-3940-093a705cd91e,64,1814123,1814163,1817495,1819726,3332,3372,40,0,0,0
1817804,18f67e0c-bd28-98b0-06e2-e0802a0f31e4,64,1814320,1814343,1817804,1818536,3461,3484,23,0,0,0
1817875,161f77a1-bac3-d057-2eb8-6221172f0d9b,64,1814922,1815726,1817875,1818904,2149,2953,804,0,0,0
1817935,abe05b22-13dc-a154-2b1f-c2ab640eb68e,64,1817735,1817735,1817933,1819721,198,198,0,0,0,0
1818027,f9723977-52c0-3f9b-df16-eb702219b7f7,64,1813559,1813584,1818027,1820172,4443,4468,25,0,0,0
1818402,060fd3b6-5f9c-11f0-d522-1c404b77cf1c,64,1815024,1817495,1818402,1820442,907,3378,2471,0,0,0
1818475,996e782f-9aee-b3e9-aea3-98c6ec677b25,64,1818209,1818209,1818475,1819050,266,266,0,0,0,0
1818539,cde5c35a-b011-7b0a-3496-51d6a79055b0,64,1813788,1813795,1818539,1820943,4744,4751,7,0,0,0
1818624,d7ea8625-11c3-138b-70c6-9b42df0ff647,64,1813923,1813923,1818624,1820215,4701,4701,0,0,0,0
1818684,0b6d35d7-818d-72af-3516-567d40b55023,64,1813959,1813983,1818658,1819904,4675,4699,24,0,0,0
1818744,82c273a9-771d-b808-88db-039cc78fc57d,64,1814628,1818027,1818696,1821093,669,4068,3399,0,0,0
1819484,4001570a-3312-de73-c485-63a3aeee2302,64,1815169,1815966,1819484,1819610,3518,4315,797,0,0,0
1819544,899df4da-866b-5f44-56d0-0a821564b478,64,1814059,1818539,1819527,1821238,988,5468,4480,0,0,0
1819625,50814407-31e3-e608-800e-295265ec4424,64,1814253,1818624,1819625,1821353,1001,5372,4371,0,0,0
1819895,14c62aba-89c2-fba5-648d-f4c0c330ec14,64,1819186,1819186,1819895,1821114,709,709,0,0,0,0
1820024,15f7ef61-da4e-c04c-ba7e-1b86c1fad753,64,1814126,1817875,1820024,1820565,2149,5898,3749,0,0,0
1820084,42f1287b-bf2d-cfcb-6319-3bf6faa855a6,64,1819958,1819958,1820072,1821507,114,114,0,0,0,0
1820144,a23036d2-88d7-d47c-ec38-704b22c0eee9,64,1815195,1818684,1820097,1821676,1413,4902,3489,0,0,0
1820785,3c3c9c08-e523-e8a9-1223-d9061db67101,64,1815252,1818744,1820785,1822598,2041,5533,3492,0,0,0
1821047,f5705436-3877-2265-102c-01a3ab404598,64,1815095,1819625,1821047,1823084,1422,5952,4530,0,0,0
1821247,8e990457-e0b1-d762-c524-f0470bf2fb51,64,1816421,1819544,1821247,1822928,1703,4826,3123,0,0,0
1821338,36cf9429-8657-d8ff-6b72-e451df0ccde7,64,1820571,1820571,1821338,1822708,767,767,0,0,0,0
1821606,2d6acdd4-5aeb-90f6-4faa-8036188a7f55,64,1814961,1818475,1821606,1821169,3131,6645,3514,0,0,0
1821666,ba098a27-4870-8a92-d2f7-7d5dfec5ea47,64,1821444,1821467,1821620,1823629,153,176,23,0,0,0
1822636,d3ec1562-91c0-69ee-3ad1-c48f6b39c4dc,64,1814042,1819895,1822636,1825539,2741,8594,5853,0,0,0
1823065,a19c7caf-9b45-c430-5fd3-92e2c36b0890,64,1819210,1820084,1823022,1826809,2938,3812,874,0,0,0
1823637,c310d2a2-0700-77c1-b1f9-4a097408f646,64,1823410,1823457,1823620,1825590,163,210,47,0,0,0
1823697,b4209103-bca7-26eb-03ef-0f77848ac924,64,1823005,1823005,1823651,1824309,646,646,0,0,0,0
1823937,bab8ad70-8d57-c064-abf0-a4f1f14cd6f2,64,1823598,1823637,1823908,1826517,271,310,39,0,0,0
1824057,09ab99a3-658c-72ee-31c4-6ef9db13f2ec,64,1823232,1823267,1824022,1826475,755,790,35,0,0,0
1824117,c891c9c6-8952-9c51-d145-3eb78e59f579,64,1823547,1823577,1824074,1826402,497,527,30,0,0,0
1824117,d96688c9-8623-d81e-8224-da50bd10f69f,64,1823792,1823817,1824089,1826006,272,297,25,0,0,0
1824248,a8cdf44d-7b74-2440-17db-4c2f1e158e2f,64,1823473,1823517,1824248,1825995,731,775,44,0,0,0
1824441,e0acdb75-2326-e3d0-06fc-e65a5af7dfe2,32,1823414,1823457,1824388,1825730,931,974,43,0,0,0
1824601,95be6c8a-9ff7-007b-27e9-184f07918b35,32,1823547,1823577,1824601,1826480,1024,1054,30,0,0,0
1824693,e8a44238-5fe8-b710-3fec-5325edc72f12,64,1823476,1823517,1824693,1826854,1176,1217,41,0,0,0
1824764,7a0430c4-58fc-8448-e555-e0870ebb51ae,64,1823805,1823937,1824764,1826560,827,959,132,0,0,0
1824848,7f695b97-e581-d601-04cd-c4e87225539d,64,1823607,1824117,1824848,1826744,731,1241,510,0,0,0
1824966,3aae37b5-87de-c2ea-0118-d2a543ef0542,64,1823297,1823327,1824966,1826197,1639,1669,30,0,0,0
1825032,e835f080-d951-8f98-679f-2f429256d707,64,1823047,1823065,1825032,1826592,1967,1985,18,0,0,0
1825092,171a8b65-e272-d7ca-7f17-6b5540767e21,64,1823579,1824764,1825050,1827465,286,1471,1185,0,0,0
1825152,b0333c0d-5381-e235-f1cf-c83f359ee84a,64,1823526,1824117,1825143,1826800,1026,1617,591,0,0,0
1825212,0c858251-10e9-00ff-5857-8862310565b6,64,1823738,1824441,1825193,1826884,752,1455,703,0,0,0
1825504,727dda84-8e02-3ef0-015c-e9f42e106355,64,1823116,1823125,1825504,1827878,2379,2388,9,0,0,0
1825574,649423aa-6454-16be-6791-346cb7403274,32,1823422,1823457,1825574,1827214,2117,2152,35,0,0,0
1825771,a358c4d3-fc76-627b-00cd-11a8301c8108,64,1823603,1825032,1825771,1827774,739,2168,1429,0,0,0
1825891,817c6779-d52d-8f91-064f-e16479472ea4,64,1823468,1824966,1825854,1827695,888,2386,1498,0,0,0
1825957,de952d1d-dcbc-5e3f-eb90-60cb02381c49,64,1823554,1824848,1825957,1827554,1109,2403,1294,0,0,0
1826232,65924c9f-2971-4f1f-3ce2-6218cb763127,64,1823949,1825504,1826232,1828140,728,2283,1555,0,0,0
1826293,2dd93719-f8d9-bf33-06d9-03c0ad987301,64,1824381,1824693,1826293,1827448,1600,1912,312,0,0,0
1826353,3f91c419-e846-a9df-7373-35549e204ac7,64,1823737,1825957,1826298,1828492,341,2561,2220,0,0,0
1826666,21d67c73-0b32-8c23-ef47-0a44a4fcc79c,64,1826356,1826413,1826666,1828893,253,310,57,0,0,0
1826846,6b2b0c27-1eec-0480-2ab1-803803f89c7b,32,1823483,1825891,1826802,1828290,911,3319,2408,0,0,0
1826966,5982aa44-5573-68cf-0ba5-605069fe99a9,64,1823397,1823397,1826931,1827969,3534,3534,0,0,0,0
1827026,1f79260c-9020-dde2-60b2-55bf67ba189d,64,1823795,1826293,1826971,1829429,678,3176,2498,0,0,0
1827086,ba388c8f-1393-09d1-a06a-187de2e6e7a6,64,1826475,1826475,1827058,1829088,583,583,0,0,0,0
1827146,a99c37b3-a419-5fe4-85db-19d7cfbf3d39,64,1823752,1825212,1827142,1828004,1930,3390,1460,0,0,0
1827495,746b161a-31cc-6738-f68a-e9b79b3aa1d1,64,1823207,1823207,1827453,1828386,4246,4246,0,0,0,0
1827555,e958c430-d21c-f643-48c0-8457464aea48,64,1823499,1827026,1827513,1829729,487,4014,3527,0,0,0
1827858,6f8963b3-d5b5-c24c-bd9e-599373230f23,64,1823542,1826232,1827839,1828903,1607,4297,2690,0,0,0
1827918,4458b006-332c-ce0a-0e7d-a698ab95c72f,64,1826837,1827146,1827887,1829894,741,1050,309,0,0,0
1828137,58f1a399-fbc7-7e98-77ad-0afc5f429866,64,1827288,1827315,1828137,1829887,822,849,27,0,0,0
1828296,5207c6cc-9b5a-d674-8896-54b2ce926059,64,1827798,1827798,1828296,1828630,498,498,0,0,0,0
1828488,98507072-7f44-cbca-1d3a-e1311b388581,64,1824319,1827918,1828488,1830156,570,4169,3599,0,0,0
1828699,0937a982-96f4-8688-333b-5a5d0a45f604,64,1827821,1828137,1828699,1830295,562,878,316,0,0,0
1828773,01a0960b-ba89-c34b-b224-7627c1e0248e,64,1823470,1826353,1828773,1829636,2420,5303,2883,0,0,0
1828916,16acb78e-1a61-7efe-85d8-cc0839819354,64,1823796,1825771,1828916,1828251,3145,5120,1975,0,0,0
1829020,eea00af9-6283-f50f-1fdd-c20aebee30cf,64,1824114,1828296,1829020,1830506,724,4906,4182,0,0,0
1829319,9dec2b83-3885-8f7e-2f1a-25a829344e15,32,1823566,1828296,1829319,1830501,1023,5753,4730,0,0,0
1829727,c6e19fd7-390e-9f57-363d-2fb56baf1e8f,64,1827584,1828699,1829727,1830618,1028,2143,1115,0,0,0
1829787,42b07e31-2f3f-be11-173a-603d7feb25e2,64,1823775,1828916,1829743,1830687,827,5968,5141,0,0,0
1829787,acdfe0ff-c5ed-3982-760b-36736422a73e,32,1827529,1828773,1829782,1830665,1009,2253,1244,0,0,0
1829853,bbab3b0e-60a1-451d-24a0-aaadb436e8fb,64,1823601,1827086,1829853,1829812,2767,6252,3485,0,0,0
1830029,5b69a9a8-f8e9-ed27-5c3d-bae4c1315e84,64,1827645,1829020,1830029,1830871,1009,2384,1375,0,0,0
1830089,aeb4eb8e-dd23-a782-d27a-1a33f5110f36,64,1823861,1828488,1830050,1830563,1562,6189,4627,0,0,0
1830717,0dd7cac2-8a10-55c5-34b0-738e3e040782,32,1827309,1830089,1830717,1831647,628,3408,2780,0,0,0
1830777,209f4ff2-10a7-1298-bef8-1d8520d4c165,32,1827045,1829727,1830750,1831098,1023,3705,2682,0,0,0
1831279,1c852510-1bfd-f626-7a93-ef0e780d90b6,64,1827523,1830717,1831279,1831908,562,3756,3194,0,0,0
1831339,b695c2bf-8379-05ed-afc8-d769026e6d11,64,1826820,1830029,1831306,1831440,1277,4486,3209,0,0,0
1831557,61cb0527-72e5-e892-cc1c-7204ed5e749b,64,1792977,1793018,1831557,1830037,38539,38580,41,0,0,0
1831617,f859396d-c37a-9ab0-85eb-43c898ff805c,64,1827531,1829787,1831583,1831296,1796,4052,2256,0,0,0
1831617,6d3e4848-54d7-a728-99e3-05e54a5039e6,64,1827361,1829787,1831598,1831271,1811,4237,2426,0,0,0
1831708,a76c11cb-66f2-9d1d-03d6-af3f2c727675,64,1827913,1829853,1831708,1831413,1855,3795,1940,0,0,0
1831772,f1530f68-9215-583a-9532-caba7af985ff,64,1827255,1831279,1831772,1832169,493,4517,4024,0,0,0
1831832,fab87bb6-0a4c-b231-2d6c-18d074c0bea3,64,1827050,1831339,1831831,1832250,492,4781,4289,0,0,0
1832193,51ccaa40-2316-7b59-cfbb-f4e3e160e35b,64,1827814,1831708,1832193,1832862,485,4379,3894,0,0,0
1832254,d498736f-6eb7-808b-7f57-2473098364e3,64,1826836,1831772,1832254,1833422,482,5418,4936,0,0,0
1832386,e9eba9fe-9a5e-63f5-cc94-d15ca13d2600,64,1827267,1831832,1832386,1833539,554,5119,4565,0,0,0
1832506,d61968aa-7fb8-66b2-0573-3d101d3ebe5b,64,1826716,1829319,1832506,1830940,3187,5790,2603,0,0,0
1833389,fd8fb938-fbac-9ade-7fe4-36d1994f7c31,64,1826785,1832386,1833389,1833745,1003,6604,5601,0,0,0
1833449,574aa942-415a-51ff-2fb2-a0d7e47ca3af,64,1827338,1831617,1833409,1832531,1792,6071,4279,0,0,0
1833526,0c36ad4e-915d-9a63-dbc6-c9288fe84e20,64,1827536,1832254,1833526,1833706,1272,5990,4718,0,0,0
1833707,b944e469-2ef6-a152-bbc2-ede622758233,64,1827323,1831557,1833707,1832251,2150,6384,4234,0,0,0
1834098,c31db215-d7d0-dc99-645a-e8eec8c6a8b1,64,1827281,1833526,1834098,1834176,572,6817,6245,0,0,0
1834288,04aa8f68-b9ae-4292-4012-1516f1e7a280,64,1827259,1833449,1834288,1834049,839,7029,6190,0,0,0
1834348,fe12ace5-09f0-8f24-e28f-553768a64d97,64,1826850,1832506,1834317,1833950,1811,7467,5656,0,0,0
1834582,85915047-e6a5-17d0-63c8-1fb94be730a1,64,1827861,1834098,1834582,1835256,484,6721,6237,0,0,0
1834642,330c8461-0d06-d891-6980-8e3c9fa3fe4b,64,1834299,1834348,1834606,1837085,258,307,49,0,0,0
1834791,a513964e-965a-693e-85b6-9e95cc009f08,64,1827587,1831617,1834791,1832732,3174,7204,4030,0,0,0
1835028,2875ad5d-2d06-f862-8990-779cecc3b699,64,1827395,1833707,1835028,1834469,1321,7633,6312,0,0,0
1835117,81496136-6bc8-22f4-6893-a38a14dd9314,64,1823022,1823065,1835117,1837904,12052,12095,43,0,0,0
1835382,9f35ba40-43e2-ecaf-d767-a0d7e8b2f81a,64,1827060,1832193,1835382,1833661,3189,8322,5133,0,0,0
1835614,0e77b689-3d40-7ee0-3a36-a26d42c0d1c2,64,1821407,1821407,1835614,1839285,14207,14207,0,0,0,0
1836615,d317d8c9-1060-573a-721b-770724877651,64,1826727,1833389,1836615,1833973,3226,9888,6662,0,0,0
1837023,054d35aa-2899-8ac0-4c2e-a4dc685b2cbc,64,1826379,1834582,1837023,1838707,2441,10644,8203,0,0,0
1837473,3334cd07-e6b3-6561-966d-273534952c00,64,1837081,1837083,1837419,1842142,336,338,2,0,0,0
1837473,d66de2a1-2776-64d0-d25c-7d37ef16d03b,64,1836510,1836510,1837429,1839933,919,919,0,0,0,0
1837609,0fc64cf0-108d-1f04-2948-9bdac1199d43,64,1831799,1835028,1837609,1840633,2581,5810,3229,0,0,0
1838349,0331bd0d-13ba-8d24-3ebb-527c1438e799,64,1837470,1837473,1838313,1842619,840,843,3,0,0,0
1838409,bca83a82-7899-7035-7ddf-8484f0c44ecb,64,1837326,1837353,1838369,1840684,1016,1043,27,0,0,0
1838469,cef44098-4d9d-1bb1-a00f-80d49d0a94df,32,1837366,1837413,1838434,1839967,1021,1068,47,0,0,0
1838554,3a42958b-65c2-e80d-dd8f-3007263749ec,64,1837279,1837293,1838554,1838526,1261,1275,14,0,0,0
1838742,679b03d4-fdc6-aebf-b96a-3419f906dfde,64,1837233,1837233,1838742,1843905,1509,1509,0,0,0,0
1838983,af838c06-caa5-d22a-6ed7-149f00fbbb90,64,1837308,1837353,1838983,1843039,1630,1675,45,0,0,0
1839043,0d559b64-e334-7bac-5c44-ebd132df8d45,64,1837145,1837145,1838986,1843614,1841,1841,0,0,0,0
1839131,b2d7692a-eb70-bda9-cd66-d79dd0170108,64,1838796,1838802,1839131,1845930,329,335,6,0,0,0
1839252,fae9df3f-585b-8128-4002-c5eb9cd3e931,64,1837264,1838409,1839252,1844627,843,1988,1145,0,0,0
1839312,c1f31143-93ac-ceb8-8ab5-a7999e63638c,64,1837372,1837473,1839299,1843415,1826,1927,101,0,0,0
1839312,7414e3e1-a387-1e92-1362-0119efa9a0a3,64,1838862,1838983,1839305,1846022,322,443,121,0,0,0
1839665,18a440bd-1c47-60a5-5270-2b29a41247a2,64,1839166,1839191,1839665,1844488,474,499,25,0,0,0
1840324,5738db52-126c-4e50-dd4f-4af28becb8cc,32,1839260,1839312,1840324,1842801,1012,1064,52,0,0,0
1840704,d5b5984b-50af-9b53-ec4f-98383b1f3a0d,64,1839269,1839312,1840704,1846742,1392,1435,43,0,0,0
1841614,301c6abf-c773-9d46-26e6-a84a46178161,64,1837274,1838554,1841586,1845024,3032,4312,1280,0,0,0
1841725,2ba95b90-9654-a5e4-3a65-860330b6857a,64,1840828,1840828,1841725,1845019,897,897,0,0,0,0
1841845,8f56fffc-c1bb-b767-4bd4-01528f7bf6c2,64,1841541,1841554,1841828,1846847,274,287,13,0,0,0
1842601,9f8c2c51-9f39-36a5-4d81-31f52719bfdb,64,1841524,1841554,1842601,1846596,1047,1077,30,0,0,0
1842901,e99d6b91-0715-92d9-7616-b5036906b588,64,1841558,1841614,1842901,1844947,1287,1343,56,0,0,0
1843005,bbe43aa7-8c58-fff0-a15c-f032930e7347,64,1841353,1841353,1843005,1847398,1652,1652,0,0,0,0
1843354,cac19d2e-1d15-571c-5100-1ab9dd42da67,64,1841771,1841785,1843354,1848531,1569,1583,14,0,0,0
1843438,a5b01639-0895-4db1-45e5-26e19b559178,32,1842536,1842536,1843438,1845325,902,902,0,0,0,0
1843806,1eca80e9-68bd-47aa-9666-600eeb0f61a4,64,1842724,1842762,1843806,1847599,1044,1082,38,0,0,0
1843866,88bbc5bb-64d3-6090-98d0-fc616cb2170b,64,1842702,1842702,1843820,1847064,1118,1118,0,0,0,0
1843986,461bcbc3-09d2-61e0-66ba-7e5121de2360,64,1843547,1843547,1843986,1848392,439,439,0,0,0,0
1844106,8da4afbe-1bf5-3332-ceb1-8cd30e9f52f7,64,1843746,1843746,1844057,1848545,311,311,0,0,0,0
1844346,a1243bea-0da2-6154-3f46-a43a53e2e047,64,1843992,1844046,1844319,1847498,273,327,54,0,0,0
1844436,f9285706-577c-9717-836a-58870a5a2698,64,1841494,1841494,1844436,1846923,2942,2942,0,0,0,0
1844496,4dc4f59c-355c-dfff-5ffa-7dbe63436870,64,1825822,1834791,1844441,1840348,9650,18619,8969,0,0,0
1844496,b2cc4372-6532-b3ae-16f7-91ac4cf6a297,64,1843629,1843629,1844452,1847634,823,823,0,0,0,0
1844616,21a496a8-638b-9370-d35d-1936d7d2f88f,64,1844283,1844286,1844564,1847441,278,281,3,0,0,0
1844736,1f7bd82f-2345-0e72-d1b4-856255a8d6a1,64,1844179,1844226,1844682,1847763,456,503,47,0,0,0
1844916,b74966cb-25df-c8fa-65c6-5c7b5c6ebf5a,64,1843979,1843986,1844889,1848369,903,910,7,0,0,0
1845509,93c6267d-dead-44fc-f395-26574ea12bd9,64,1845186,1845186,1845496,1847778,310,310,0,0,0,0
1845569,c49b9178-43a2-99e4-f981-f289185c39ed,64,1844618,1844676,1845563,1848257,887,945,58,0,0,0
1845682,fdb7c107-01e7-cde7-33a2-ca5f46834cc5,64,1843803,1843806,1845682,1848841,1876,1879,3,0,0,0
1845766,f1d799af-f2f0-9a8c-1825-068b11997084,64,1844473,1844496,1845766,1847662,1270,1293,23,0,0,0
1846007,46a3cc71-ff2f-6883-163b-5481284e4cd4,64,1844080,1844496,1846007,1849026,1511,1927,416,0,0,0
1846097,e581620f-dc0d-b266-0e29-ed9a0518bd4d,64,1845079,1845096,1846097,1847573,1001,1018,17,0,0,0
1846207,d73794d5-4cd3-6406-e0bd-60442e18b22b,64,1845201,1845682,1846207,1849222,525,1006,481,0,0,0
1846267,b64e26cf-3c9b-a542-bb1d-23a8d8c823b0,64,1844803,1844856,1846256,1847404,1400,1453,53,0,0,0
1846327,d90949aa-9bdd-3d7a-6d53-628b49851b79,64,1845073,1846007,1846318,1849470,311,1245,934,0,0,0
1846453,39ee80ab-46c9-37e0-d0c5-9550f69a0539,64,1844524,1844556,1846453,1848087,1897,1929,32,0,0,0
1846513,ba5916c5-9de6-7f2c-57bd-9ee6e63f6d3a,64,1844306,1846207,1846511,1849556,304,2205,1901,0,0,0
1846631,3e84455f-a755-3468-de74-e1224aed4cc8,64,1845321,1846327,1846631,1849745,304,1310,1006,0,0,0
1846762,de60d544-e953-1b87-c344-819d1d80f7cd,64,1845051,1846267,1846762,1849667,495,1711,1216,0,0,0
1846851,71f34593-a737-d19b-a1e0-9bf146748ee4,64,1844000,1844046,1846851,1846239,2805,2851,46,0,0,0
1846951,e2b845b7-f0f5-bdc1-d1ed-43ba65c65e05,64,1844982,1846453,1846951,1849913,498,1969,1471,0,0,0
1847358,48817b98-741f-5545-4e4c-01f676b1d8fa,64,1844928,1845766,1847358,1849438,1592,2430,838,0,0,0
1847418,197634e5-054b-ffbb-7ad8-66baf252f8f9,32,1845449,1846513,1847406,1850051,893,1957,1064,0,0,0
1847498,6766d37b-6fa1-79a5-7a67-58707d9d2b3b,64,1844163,1846951,1847498,1850650,547,3335,2788,0,0,0
1847558,05b08ce0-d09f-5fc4-39e8-2ba53ecbc10b,64,1845023,1846631,1847514,1850355,883,2491,1608,0,0,0
1847768,806a29ad-f6b2-e778-fe50-8d4d293a60be,64,1844976,1846762,1847768,1850440,1006,2792,1786,0,0,0
1848231,32f9b771-0799-7940-f9ad-de7d0b3d58ad,64,1845274,1846097,1848231,1849545,2134,2957,823,0,0,0
1848321,b8fc7513-1b3f-d4b0-9550-9b75c7cfb659,64,1844859,1847498,1848321,1850824,823,3462,2639,0,0,0
1848689,21351574-4adb-8f79-ff82-bf843e86cc14,64,1843923,1846851,1848689,1850612,1838,4766,2928,0,0,0
1848971,be00b0cb-c1ef-5aef-2a38-746e528f2346,64,1844281,1847358,1848971,1850687,1613,4690,3077,0,0,0
1849335,0e5d8626-19f7-f775-0f2f-633b60013e38,64,1844058,1847558,1849335,1850915,1777,5277,3500,0,0,0
1849474,0ee52f63-9caf-8df1-3584-5d71b221e1c5,64,1844971,1848971,1849474,1851895,503,4503,4000,0,0,0
1849801,276e1d67-00a0-586e-ca8d-5d5a06defca8,32,1849605,1849605,1849801,1850624,196,196,0,0,0,0
1849867,5639117a-1e78-ba02-4b1b-bb3ab6448d24,64,1845048,1849335,1849867,1851983,532,4819,4287,0,0,0
1849927,57f7d71f-2978-cc73-1440-adec12439b0f,64,1844718,1848321,1849905,1851630,1584,5187,3603,0,0,0
1850017,850cddfd-1c3d-ae19-7745-55601fa54251,64,1844565,1849474,1850017,1852006,543,5452,4909,0,0,0
1850077,95a15905-591c-c4b6-94aa-600af487a21f,64,1844494,1848231,1850031,1851517,1800,5537,3737,0,0,0
1850251,00cb9caa-bbdf-b574-49b8-f7ba98a7fea2,64,1845337,1849867,1850251,1852501,384,4914,4530,0,0,0
1850311,184c4178-935c-31d1-193c-5319f43e075b,64,1844772,1848689,1850277,1851709,1588,5505,3917,0,0,0
1851076,fa3f012e-4d71-1f28-6185-21ab9ea1e617,64,1851015,1851015,1851076,1851721,61,61,0,0,0,0
1851136,ab1e5fcf-3abe-bcc1-d115-a0ca09e8ede2,64,1845268,1847768,1851109,1850964,3341,5841,2500,0,0,0
1852324,fcea545a-c066-98e4-b013-b8e468729600,64,1852152,1852152,1852324,1853173,172,172,0,0,0,0
1852426,9ef01577-b980-e521-7b3c-fc106bc71d7f,64,1852182,1852212,1852426,1852837,214,244,30,0,0,0
1854554,cf5e7840-bdc5-51bb-5c4e-3b0054ca4adc,64,1854029,1854029,1854554,1857399,525,525,0,0,0,0
1854674,dfae1803-93d7-97e7-2392-3df45fec59ac,64,1854092,1854149,1854631,1857663,482,539,57,0,0,0
1854674,e6defc16-ea6d-ccb6-a245-65d450026d68,64,1853782,1853782,1854674,1858195,892,892,0,0,0,0
1855045,5b7117bd-2442-1191-fe7c-7d6ea8cc4515,64,1854735,1854735,1855045,1858346,310,310,0,0,0,0
1855336,f2491816-154f-9eb4-5316-7cb55e7e00e5,64,1854280,1854329,1855336,1856939,1007,1056,49,0,0,0
1855560,75e913d8-2a53-dbd6-655f-daa5756e3fd6,32,1854325,1854554,1855560,1858445,1006,1235,229,0,0,0
1856080,91ae757c-8607-f228-d20b-58cfbb916d1c,64,1854787,1854795,1856080,1858462,1285,1293,8,0,0,0
1856809,ee3f0127-d7de-7f4d-39ec-02ca9e4152f9,64,1854846,1855045,1856809,1858985,1764,1963,199,0,0,0
1856980,a4f954fc-c449-21b6-cfef-7811e124c3f2,64,1854875,1855336,1856980,1859908,1644,2105,461,0,0,0
1857410,f6d20b48-7477-c444-0a17-c5acccdf1d3e,64,1854269,1854269,1857410,1857163,3141,3141,0,0,0,0
1857565,ee6c69f7-f8c9-2b4a-8d2f-2114da72ab37,64,1854205,1854209,1857565,1857641,3356,3360,4,0,0,0
1857625,dff47c51-5ed1-0e7f-6bb1-f2bc85a4b0cb,64,1854069,1854089,1857586,1860156,3497,3517,20,0,0,0
1857685,39323a07-2ec3-f8e0-4d62-00500b3b5efa,64,1855655,1855655,1857640,1858180,1985,1985,0,0,0,0
1857824,49e785c7-cbd8-715e-ae98-b722cf97b016,64,1854787,1856980,1857824,1860330,844,3037,2193,0,0,0
1858036,24c58b47-1609-34d1-9912-509096516ec2,64,1854590,1857565,1858036,1860990,471,3446,2975,0,0,0
1858104,30afe613-9dc4-f583-038e-f7af67ccfa38,64,1854244,1857625,1858104,1861154,479,3860,3381,0,0,0
1858363,f3f48d53-1120-c1b7-1b23-91f0f620e4c0,64,1853833,1853842,1858363,1860851,4521,4530,9,0,0,0
1859034,11654cb3-d4e9-9a65-022b-7e76ac3cbe34,64,1838289,1839665,1859034,1868046,19369,20745,1376,0,0,0
1859358,7a0ffa86-5eac-a15d-7274-2e763b6becb7,64,1837721,1839131,1859346,1858930,20215,21625,1410,0,0,0
1859516,acd3d56f-3257-69cd-5571-276b33474b1b,64,1859210,1859238,1859516,1861722,278,306,28,0,0,0
1859636,e6267164-d361-6b3a-7cff-ae922c435667,64,1858926,1858926,1859587,1863793,661,661,0,0,0,0
1859767,87beb021-f636-14f5-50d0-f83dadb1be7a,64,1859228,1859238,1859735,1862171,497,507,10,0,0,0
1860029,c4e57a92-98d5-16b9-7128-7916248bd5aa,64,1859189,1859238,1860029,1863502,791,840,49,0,0,0
1860089,39b9c13a-56fe-972b-5acb-287dd5949c84,64,1859273,1859298,1860046,1862418,748,773,25,0,0,0
1860175,f2d1e6c1-fc8a-d016-3808-0dba6273f164,64,1859880,1859887,1860175,1863764,288,295,7,0,0,0
1860325,2e740569-5346-405c-f60c-2dd39d4e42f2,64,1860209,1860235,1860325,1861256,90,116,26,0,0,0
1860527,069ccc0a-c884-4f88-074a-588f5231d2a5,64,1859779,1860089,1860527,1864642,438,748,310,0,0,0
1860792,c36db2ec-eeda-69bc-9c40-6cbe50f370af,64,1859091,1859094,1860792,1862122,1698,1701,3,0,0,0
1860852,2233212a-f526-4ea2-7953-3cb78ef1a114,64,1859594,1859636,1860803,1861842,1167,1209,42,0,0,0
1860992,1b4909b6-5cbd-b682-68aa-123650deef43,64,1859707,1860175,1860992,1864915,817,1285,468,0,0,0
1861052,44482593-e232-7c25-fcd6-2aba93c1392f,64,1860648,1860648,1860998,1861359,350,350,0,0,0,0
1861052,b21eafab-f649-09e8-1e03-2a652346f26d,64,1859386,1859418,1861001,1861858,1583,1615,32,0,0,0
1861125,5e244824-a5cb-3c6e-b5a4-c55bb4629214,64,1857640,1857685,1861125,1865000,3440,3485,45,0,0,0
1861185,44cca057-5c98-08f4-4636-8d129d94813f,32,1859178,1859178,1861162,1864669,1984,1984,0,0,0,0
1861559,c8794a56-a795-4d2b-9296-81b00d5979bf,64,1859521,1861052,1861559,1866126,507,2038,1531,0,0,0
1861619,340155bd-b6ac-1c8e-3977-c7b41e56d346,64,1861471,1861471,1861591,1863096,120,120,0,0,0,0
1861806,fe7b178d-fb0e-7c28-c110-bcfef1aa9ba0,64,1859228,1859767,1861806,1864396,2039,2578,539,0,0,0
1861947,cec7b903-e369-f1c0-c0a8-5dbdbf5a910f,64,1859203,1861052,1861947,1865489,895,2744,1849,0,0,0
1862437,060fc65e-9011-be99-9aee-c74ff2591fc7,64,1859529,1860992,1862392,1865457,1400,2863,1463,0,0,0
1863017,f7df9baf-f2a8-1e6e-1c3d-a4eba012c6c2,64,1861980,1862007,1863017,1866379,1010,1037,27,0,0,0
1863596,b16d3da7-1d8b-f69b-f8ef-0017bf89444e,64,1862317,1862317,1863579,1865592,1262,1262,0,0,0,0
1863596,a1d78199-d8ed-0649-ca82-673019977e2e,64,1862723,1862739,1863591,1866227,852,868,16,0,0,0
1863716,19b627b5-4c2b-fa96-a86c-1d888d67e82c,64,1863195,1863213,1863705,1866329,492,510,18,0,0,0
1863797,743b9f71-7807-c947-02c2-b367c74d8df0,64,1863293,1863293,1863797,1866329,504,504,0,0,0,0
1863857,f34bfa59-a525-23e3-e093-97d5d3a1b88a,64,1862537,1862537,1863817,1866099,1280,1280,0,0,0,0
1864246,c05e5ade-b303-0188-f378-cb94478b2f00,64,1862146,1862175,1864246,1866543,2071,2100,29,0,0,0
1864306,209ebc46-44b6-cc9e-8904-59d78c69e2e8,64,1862317,1862437,1864251,1867087,1814,1934,120,0,0,0
1864306,aee4f488-df41-c155-18d2-bfd058622bb4,64,1862174,1862175,1864306,1865748,2131,2132,1,0,0,0
1864704,63a35592-34ef-a156-255a-b787a292bd6c,32,1864402,1864402,1864704,1865297,302,302,0,0,0,0
1864776,164b85f0-cbfc-721c-7f78-042820bb859a,64,1864306,1864306,1864776,1865918,470,470,0,0,0,0
1864944,7c4cec7d-ce55-754e-b68d-6f3819e3b84f,64,1862203,1862235,1864930,1866940,2695,2727,32,0,0,0
1865225,16f32b93-21c5-7a88-77d4-68eae0bdd765,64,1864884,1864884,1865225,1865697,341,341,0,0,0,0
1865458,05cf079e-a095-2c4d-f3bd-2348854bc8fa,64,1863103,1863153,1865458,1866641,2305,2355,50,0,0,0
1865532,79ba19db-6be1-610b-28a3-df6e02059f80,64,1865328,1865328,1865532,1865794,204,204,0,0,0,0
1865820,e581c1bc-6843-ee98-54d1-44d518ede297,64,1863476,1863596,1865763,1866390,2167,2287,120,0,0,0
1865880,c02627d1-fbd1-b0c0-dbfe-679afbcbd6ec,64,1862679,1864246,1865830,1867118,1584,3151,1567,0,0,0
1865880,c161b06c-1397-b542-5e65-3990fecd0ded,64,1863093,1865225,1865871,1867304,646,2778,2132,0,0,0
1866506,a13ecf15-72cf-bb0e-5db2-f6cee5190530,64,1862115,1862115,1866480,1867238,4365,4365,0,0,0,0
1866758,e71594ff-d6a6-e618-4eb1-8c8843b63613,64,1866593,1866638,1866725,1867080,87,132,45,0,0,0
1866758,bd0c1656-de37-3877-3ee6-187277f4d7f9,64,1866652,1866698,1866737,1867497,39,85,46,0,0,0
1866818,b55a478e-0541-f3ca-6e12-bda9b2ec7ff4,64,1866682,1866698,1866760,1867029,62,78,16,0,0,0
1866938,311f5d4a-c258-9de2-cf26-54892ec75a83,64,1866651,1866698,1866938,1867003,240,287,47,0,0,0
1867538,933c8d00-8680-0a0b-4279-1490510564f9,64,1863160,1865880,1867538,1867727,1658,4378,2720,0,0,0
1867662,5ef1cb5b-37ed-ae1a-36eb-aef4bcef2c15,64,1863818,1865532,1867662,1867507,2130,3844,1714,0,0,0
1867722,92a593c8-1db9-2330-f127-6a5cbe9f44cb,64,1862185,1862235,1867665,1867167,5430,5480,50,0,0,0
1867845,8c1046bf-24b3-7794-293d-b7fa8e8ded45,64,1863516,1867538,1867845,1867999,307,4329,4022,0,0,0
1867905,7d9704fe-8dca-3908-4a1a-421961bba5fb,64,1866657,1867662,1867856,1868123,194,1199,1005,0,0,0
1868083,0db4897a-4b18-8a0d-e0b7-d81890c97f32,64,1866950,1867845,1868083,1868169,238,1133,895,0,0,0
1868143,dcb913b4-7d3d-16ca-8592-a38fdb62a1f7,64,1863564,1865880,1868097,1867622,2217,4533,2316,0,0,0
1868143,826f081a-0651-a897-0f54-c086450511e1,64,1863297,1865820,1868138,1867621,2318,4841,2523,0,0,0
1868203,9a106a52-6408-7ac9-fbf6-76af7537e85e,64,1867685,1867722,1868202,1868110,480,517,37,0,0,0
1868638,ef3bbcb5-4135-24d3-0108-cc5d9351a5da,64,1866345,1868143,1868638,1868975,495,2293,1798,0,0,0
1868698,9dcb65be-3fc0-796e-44f4-caeb49a4443e,64,1862374,1866506,1868670,1867982,2164,6296,4132,0,0,0
1869274,bd5a6112-d1b2-2e3c-2ede-2487373058be,32,1863512,1868203,1869274,1869018,1071,5762,4691,0,0,0
1869456,b993ff63-c6b1-8d94-324b-cc3d9a7791a2,64,1865950,1868143,1869456,1868853,1313,3506,2193,0,0,0
1869516,9099a283-eedb-0ce5-a7fe-cdcd2528b516,64,1862212,1867905,1869470,1868235,1565,7258,5693,0,0,0
1869672,7c12d198-50c1-b8f7-e764-28c4197fa0fd,64,1863656,1868638,1869672,1869135,1034,6016,4982,0,0,0
1869875,06339f7f-8ec4-6aab-aefb-4b37a50ee5e7,64,1866661,1869456,1869875,1869342,419,3214,2795,0,0,0
1869995,5550f4ea-a86b-f8b5-17cc-b76c6b905645,64,1863294,1868698,1869973,1869217,1275,6679,5404,0,0,0
1870115,44852295-1566-8483-c526-6dc83f936724,64,1866805,1869516,1870093,1869398,577,3288,2711,0,0,0
1870257,b89b9722-3aa4-ecd7-c9e5-8ebc673d4de0,64,1865760,1868083,1870198,1868747,2115,4438,2323,0,0,0
1870497,ccbdd15e-e7f0-916e-bf78-bad808c2fd6f,32,1866578,1870257,1870456,1869878,199,3878,3679,0,0,0
1870617,1e014975-080d-2370-dad4-c20f9b4dbb90,64,1862920,1869995,1870605,1869783,610,7685,7075,0,0,0
1870617,1ecadf24-f0d1-fa72-cb2c-7b1df5418b22,64,1866197,1870115,1870612,1869837,497,4415,3918,0,0,0
1870852,7636ae1c-e961-71f3-0130-8be0fcea9a96,64,1862748,1869274,1870852,1869334,1578,8104,6526,0,0,0
1870912,08a5ad03-3f4f-a031-b025-5b9dc5bcc4cd,64,1869887,1870617,1870855,1870299,238,968,730,0,0,0
1871184,d58c449e-57e0-d57b-b3ab-800b8523d070,64,1866326,1870852,1871184,1870411,332,4858,4526,0,0,0
1871792,fe8db353-e16b-1b8c-e3ac-d21a7387a600,64,1862889,1869875,1871792,1869771,1917,8903,6986,0,0,0
1871908,dbc21e42-fd0d-4cb1-c916-7a93ada63c4b,64,1868500,1871184,1871908,1870594,724,3408,2684,0,0,0
1872176,e473b0b0-9017-04a8-c279-d9137afd2923,64,1863412,1870497,1872176,1870036,1679,8764,7085,0,0,0
1872293,1aedbcfd-a357-e4ea-0e80-c78a6bf2d5d9,32,1870115,1872176,1872293,1871054,117,2178,2061,0,0,0
1872474,18a73d94-a13e-a66d-d6c6-d99779fe7ccc,64,1866962,1870617,1872474,1870372,1857,5512,3655,0,0,0
1872632,4da838b7-6947-cbac-f610-f40d69fe890f,32,1870612,1872474,1872632,1871834,158,2020,1862,0,0,0
1872692,f740d87c-500a-174e-af65-e8ccf9cf8499,64,1866060,1872293,1872650,1871539,357,6590,6233,0,0,0
1872692,9341dd73-a5d8-d541-2e82-2ce612b1d17e,64,1863652,1871792,1872665,1870958,873,9013,8140,0,0,0
1872752,29cd4d5c-4d8c-c9c6-33a2-b47b35746477,64,1866010,1870912,1872748,1870594,1836,6738,4902,0,0,0
1872812,3fb00e1b-abc8-36cf-f798-bd221eb6d3f0,64,1863345,1871908,1872777,1871033,869,9432,8563,0,0,0
1872872,97c6eb3c-cb5a-1c0e-1834-a40dbecfdded,64,1863305,1869672,1872848,1869526,3176,9543,6367,0,0,0
1873217,704d628f-35a7-58ab-6aed-979fb2ac4768,64,1865901,1872632,1873217,1871886,585,7316,6731,0,0,0
1873731,e6876705-0431-59ef-246e-c70f3e97037d,64,1865956,1872692,1873731,1871947,1039,7775,6736,0,0,0
1874438,c9ac376c-fe11-230e-50fc-fdaa274b369e,64,1870374,1872812,1874438,1872608,1626,4064,2438,0,0,0
1874561,be5f902f-b58a-c738-0166-72213063ae7f,64,1869919,1873731,1874561,1872963,830,4642,3812,0,0,0
1874621,c229a415-cb5f-8951-c534-f723c75694ac,64,1869914,1872872,1874573,1872721,1701,4659,2958,0,0,0
1874795,e754d4c3-0298-8dd2-4c7b-34e22e07cb63,64,1866443,1873217,1874795,1872727,1578,8352,6774,0,0,0
1874868,55082167-2ff5-cdab-2aa9-46d411c7c76c,64,1871077,1874561,1874868,1873087,307,3791,3484,0,0,0
1874928,d2f629ca-bbe2-77ba-384a-996719ef13bf,64,1872662,1874795,1874907,1873271,112,2245,2133,0,0,0
1874988,c5828939-058e-389e-509d-97cddb107e7f,64,1866628,1874621,1874965,1873105,344,8337,7993,0,0,0
1875695,8a5a4272-5f90-ee57-2472-2a76f7c90c89,64,1870552,1874868,1875640,1873511,772,5088,4316,0,0,0
1875821,89a92af3-a0ca-0f8e-e1ef-2dd3461633bc,32,1870203,1874928,1875821,1873543,893,5618,4725,0,0,0
1876001,6b4203f7-d2cd-2f44-14ed-228b65773498,64,1870036,1874438,1875958,1872970,1520,5922,4402,0,0,0
1876061,8aa6b006-436a-db9d-d1c5-6a004bb13407,64,1866938,1875695,1876009,1873737,314,9071,8757,0,0,0
1876061,2b5997f2-c447-ee3f-0525-c1b4f73c6a1f,64,1866634,1872752,1876045,1872263,3293,9411,6118,0,0,0
1876121,23d2789d-ce2c-c739-a552-abc65a86503a,64,1872105,1875821,1876112,1874072,291,4007,3716,0,0,0
1876301,712ab8eb-3756-b005-8844-bc0caccfb130,64,1870202,1876001,1876287,1874117,286,6085,5799,0,0,0
1876557,f5d68c8f-299c-cd73-4295-f5c984d77929,64,1870039,1874988,1876557,1873711,1569,6518,4949,0,0,0
1876894,1391d18a-8171-d955-8f7a-1e435a1ba9db,64,1871384,1876061,1876847,1874209,786,5463,4677,0,0,0
1877232,7416386b-46af-040d-55d8-a81a81ceb20e,64,1870518,1876061,1877232,1874210,1171,6714,5543,0,0,0
1877322,6ed47a6d-87c9-daac-b5d3-4f2f513bb65c,64,1872314,1876894,1877322,1874831,428,5008,4580,0,0,0
1877784,7e1f48c4-a9d6-290d-f4ad-fa22ad0205f5,64,1870504,1876121,1877784,1874313,1663,7280,5617,0,0,0
1877852,f395c213-79ee-f2c0-aa7a-907d41f3f1b9,64,1867231,1877322,1877852,1874921,530,10621,10091,0,0,0
1878117,e5865a54-7e1e-35dd-6db4-f81c8a55b7c4,64,1870419,1876557,1878117,1874821,1560,7698,6138,0,0,0
1878592,b4522738-e073-09de-6a8f-7654155287c7,32,1870281,1878117,1878578,1875904,461,8297,7836,0,0,0
1878974,73d12f3e-5860-c4f4-5f70-b9511038f676,64,1870569,1877852,1878939,1875383,1087,8370,7283,0,0,0
1879160,39590149-077f-6e36-1a4d-67db9e33bdbc,64,1869894,1876301,1879160,1874577,2859,9266,6407,0,0,0
1879394,696c5060-cbb4-74a3-3763-4604fe048d5a,64,1870197,1877784,1879394,1875024,1610,9197,7587,0,0,0
1879921,10f35676-5a85-3cd8-cbb8-6be0e355e636,32,1875411,1879394,1879921,1878139,527,4510,3983,0,0,0
1880100,44f7f01a-3cb5-26d7-434a-130e8c6ea6ad,64,1857322,1858036,1880100,1871898,22064,22778,714,0,0,0
1880161,84c42de1-7e5d-a21a-9b81-b89887916cbe,64,1871378,1878974,1880161,1876045,1187,8783,7596,0,0,0
1880481,cba9a0f0-3f34-88a3-b3d2-c4a9fc7b427f,64,1875335,1880100,1880450,1878693,350,5115,4765,0,0,0
1880541,2a869922-f492-7b35-36c2-1bc3d799d80d,64,1870254,1878592,1880515,1876002,1923,10261,8338,0,0,0
1880818,256df639-edd9-636e-3132-8995fd8ac696,64,1863521,1877232,1880784,1874865,3552,17263,13711,0,0,0
1880878,b960df1f-1715-2d76-6fc1-aaeb340ce8c9,64,1870023,1879160,1880834,1876170,1674,10811,9137,0,0,0
1880998,0ad7d77c-9bf4-1cc6-af1f-be1687324f52,64,1875587,1879921,1880953,1878213,1032,5366,4334,0,0,0
1881058,b9d707a9-e74e-d0b3-bdce-635fbf905d6a,64,1875350,1880481,1881026,1879225,545,5676,5131,0,0,0
1881118,25e42403-64f2-502e-c94f-6ed34a2f3876,64,1879019,1880878,1881094,1879423,216,2075,1859,0,0,0
1881316,d0ef1299-250b-1c5a-50e0-8a8175ea1023,64,1875542,1880818,1881316,1879309,498,5774,5276,0,0,0
1881548,7ec391ef-44ad-2484-b112-3048e128b9a8,64,1870613,1880161,1881500,1878829,1339,10887,9548,0,0,0
1881608,e13ae6f4-b5ef-818b-690e-1a7e75be1ba7,64,1875888,1881058,1881555,1879701,497,5667,5170,0,0,0
1881795,53a71719-bcdf-8302-8c37-e264d03cd20a,64,1875838,1880541,1881795,1879300,1254,5957,4703,0,0,0
1882027,5d822e3a-6c6d-282b-69e0-8370abf7a5d0,64,1872045,1881118,1882027,1879897,909,9982,9073,0,0,0
1882130,3e0c5ec5-df74-8fb5-d5e6-162f8efadaa1,64,1875501,1881548,1882130,1880533,582,6629,6047,0,0,0
1882692,7d1d3494-cb71-2efd-8ffa-1194c14a2a61,64,1875470,1880998,1882692,1879477,1694,7222,5528,0,0,0
1883110,09572517-18f2-3999-9410-8438f82e5e1b,64,1875736,1882130,1883110,1880986,980,7374,6394,0,0,0
1883170,7d957e47-aed1-4cec-3cd7-e0eabf817a17,64,1876834,1882027,1883161,1880808,1134,6327,5193,0,0,0
1883230,263e0670-a1d7-6730-dec8-bcbbfd610d09,64,1876158,1881316,1883176,1880072,1860,7018,5158,0,0,0
1883728,a127dc6b-ab9b-153d-35f5-c65410c2c2e5,32,1878811,1883230,1883728,1881356,498,4917,4419,0,0,0
1884478,b504cdaf-1708-7003-3a84-3b35c2bde805,64,1878292,1882692,1884478,1881016,1786,6186,4400,0,0,0
1884915,585409d9-de22-dc3f-d136-6db15a578607,32,1876198,1884478,1884878,1881433,400,8680,8280,0,0,0
1884915,edabddab-7dcc-c026-a7df-30b2356fdc0a,64,1878375,1881795,1884905,1880804,3110,6530,3420,0,0,0
1884975,5d2d113b-fb5e-dc15-cbfa-e8d6b4ed4d1d,64,1876162,1883170,1884952,1881109,1782,8790,7008,0,0,0
1885289,8be15610-b234-8948-e4f2-ae4cf016716b,64,1871060,1881608,1885251,1880587,3643,14191,10548,0,0,0
1885835,44de950f-2488-dee3-d071-3f73582a2099,64,1879470,1884975,1885835,1882838,860,6365,5505,0,0,0
1885895,bad78868-cb6e-e774-93a2-014b45f7eef8,64,1875559,1883728,1885839,1881374,2111,10280,8169,0,0,0
1886253,7b6c7129-cd63-8ba8-f03c-664b3abf9c65,64,1878313,1883110,1886253,1881084,3143,7940,4797,0,0,0
1886740,ed174fdd-2dee-003e-01d9-6e9601a02047,64,1878509,1884915,1886740,1882572,1825,8231,6406,0,0,0
1886800,ed850a6d-7542-2851-f2a2-4da42537e0d6,64,1878459,1884915,1886748,1882660,1833,8289,6456,0,0,0
1887096,490c3442-98c3-fa3d-8f92-8bca7aecc953,64,1878630,1885895,1887096,1882979,1201,8466,7265,0,0,0
1887446,d7b73862-b347-f1d4-58c6-b1c674d082c5,64,1875680,1885289,1887446,1882853,2157,11766,9609,0,0,0
1887506,33252134-ebdf-eeb4-b679-9210efe87716,64,1876024,1885835,1887463,1882938,1628,11439,9811,0,0,0
1887591,afb144b5-624d-2ff7-81c8-d068931e5f89,64,1876089,1886740,1887591,1883261,851,11502,10651,0,0,0
1887706,dde4f5c1-532c-5c01-b017-c5337d6ce5c3,64,1880763,1887096,1887706,1883426,610,6943,6333,0,0,0
1887940,6cfa28cf-b62e-110a-2584-83851915bb1c,64,1878648,1887446,1887940,1883535,494,9292,8798,0,0,0
1888004,14669189-5ca4-3e71-68f0-e5f2e1568ad3,64,1878760,1887506,1888004,1883583,498,9244,8746,0,0,0
1888161,9d1c92f0-3770-2be5-7381-c6ebdac9d4a4,64,1881487,1886800,1888161,1883276,1361,6674,5313,0,0,0
1888280,081fec82-ca9a-cf77-b26a-51a576b40672,64,1881117,1887940,1888280,1883944,340,7163,6823,0,0,0
1888382,bbaa6e4a-fe25-371b-bd5b-fecedbd0ad57,64,1878491,1886253,1888382,1883116,2129,9891,7762,0,0,0
1888863,0d722918-1db1-ce86-d1cc-c8d3c1676505,64,1880501,1888382,1888863,1884737,481,8362,7881,0,0,0
1889146,2b39e995-c13e-d0d3-823a-0b12d6baf0f2,64,1878799,1887591,1889146,1883722,1555,10347,8792,0,0,0
1889206,7cdfa469-82ed-baad-784c-2537f2d0a15c,32,1878498,1888161,1889196,1884387,1035,10698,9663,0,0,0
1889524,4c82c445-30e5-9543-a925-de8562588ce9,64,1880883,1887706,1889524,1883922,1818,8641,6823,0,0,0
1889855,56c76990-7401-73c1-0155-aa51bca2c581,64,1881144,1888004,1889855,1884309,1851,8711,6860,0,0,0
1889915,7394d796-51c4-243b-f07d-b671caea9ae5,64,1880690,1888863,1889876,1885053,1013,9186,8173,0,0,0
1889915,db6f3ad4-0cce-a325-9e88-ebab07fcb800,32,1880772,1888863,1889901,1884922,1038,9129,8091,0,0,0
1890404,d9347309-b72f-8d06-3b44-f3d7cabe2348,64,1881911,1888280,1890404,1884467,2124,8493,6369,0,0,0
1890464,26c25405-a7ea-52f0-2cab-d3d710116af4,64,1880758,1889915,1890433,1885716,518,9675,9157,0,0,0
1890538,7b9ea9eb-aac4-363f-1610-ac0abfcf214e,64,1878734,1889524,1890538,1885281,1014,11804,10790,0,0,0
1890768,27177e59-5548-f613-cf69-ef2dfb2c2c83,64,1878423,1889915,1890768,1885563,853,12345,11492,0,0,0
1891048,9740b212-2d52-45f4-8a0e-c018b29769b2,64,1880433,1890464,1891048,1885735,584,10615,10031,0,0,0
1891296,a54427ec-b261-ad5c-a214-245cfecfdd72,64,1881101,1889146,1891291,1885265,2145,10190,8045,0,0,0
1891794,2036971a-323f-df19-923c-c117da1a9b09,32,1878850,1890768,1891791,1886182,1023,12941,11918,0,0,0
1891794,83f9b580-a499-eb92-f589-de14eee06433,64,1880421,1891296,1891792,1886754,496,11371,10875,0,0,0
1892098,e9c7eb29-d9ad-d9e0-316a-8466dd0a4a6e,64,1305252,1305252,1892092,1648020,586840,586840,0,0,0,0
1892310,1f9deccd-ecf6-78c0-c861-3afa1ae17565,64,1881211,1890538,1892310,1886119,1772,11099,9327,0,0,0
1892446,8393a544-c37d-e35e-6ef3-d69b7ccde71e,64,1886017,1891794,1892446,1886910,652,6429,5777,0,0,0
1892566,6cfacecc-1ae4-27cf-ebd5-c14914d8e0e6,64,1884735,1892098,1892527,1887332,429,7792,7363,0,0,0
1892867,c07126f3-9213-f643-9a89-8be79e49b057,64,1880917,1891048,1892867,1886664,1819,11950,10131,0,0,0
1893147,2c5d849c-4f8c-61b9-98d7-88d94d515b58,64,1878907,1889855,1893147,1885409,3292,14240,10948,0,0,0
1893330,e0218caf-ba73-aa4e-86c7-1c162cfcbb3f,64,1884833,1892867,1893330,1888537,463,8497,8034,0,0,0
1893562,ed6f4ee3-e44e-7cd1-38ef-a3bc9457f388,64,1881428,1890404,1893552,1885733,3148,12124,8976,0,0,0
1893851,98a547b2-09a1-8b34-b111-84e79c4c37b3,64,1884561,1892446,1893845,1887707,1399,9284,7885,0,0,0
1893911,f7347784-a049-d164-952f-6d1127ff97ca,64,1880624,1891794,1893868,1887317,2074,13244,11170,0,0,0
1893911,a3922a4e-4f2c-386f-627b-0edd8d7f9371,64,1885229,1893147,1893885,1889432,738,8656,7918,0,0,0
1894040,fad3b44c-3b2d-ddc9-62f3-2faea63fcf12,64,1884555,1893562,1894005,1889535,443,9450,9007,0,0,0
1894040,49d93a08-277e-0fbc-6acf-f20fd707cb6d,64,1881067,1892310,1894006,1887565,1696,12939,11243,0,0,0
1894376,4d7d10f3-7d16-9638-658a-83773da8b37a,64,1885282,1893911,1894336,1889829,425,9054,8629,0,0,0
1894616,9de7df7b-5594-552b-405a-8e7e6f46a41f,64,1885090,1894040,1894580,1890322,540,9490,8950,0,0,0
1894926,889cd33d-299f-ff30-f9b8-1e658a34b26b,64,1884566,1893330,1894926,1889526,1596,10360,8764,0,0,0
1895226,bd1116ee-f58a-b7c7-cccf-4130255603d4,64,1884822,1894040,1895191,1890312,1151,10369,9218,0,0,0
1895286,33d3958a-3b74-9fd2-0a2d-6f038f464f34,64,1874070,1893851,1895278,1889745,1427,21208,19781,0,0,0
1895459,af1dcfb8-8a96-2a11-94be-6d9f2379c05f,64,1884737,1892566,1895459,1888330,2893,10722,7829,0,0,0
1895519,5200044b-3148-7df8-a6ca-8d50e5f5c891,64,1884822,1894376,1895488,1890491,1112,10666,9554,0,0,0
1895579,50ffde64-6eda-ba8c-6789-e7d0a155eb2c,64,1891548,1895459,1895574,1892413,115,4026,3911,0,0,0
1895704,ff3c03a6-3575-44ee-3d36-5abf633bffff,64,1891658,1895519,1895653,1892488,134,3995,3861,0,0,0
1895704,01d3a033-3586-ae6f-9b24-955cb4fbdaf2,32,1891803,1895579,1895668,1893449,89,3865,3776,0,0,0
1895704,01e1af8f-8946-5e5b-26fa-3d5c3678a41a,64,1884847,1895226,1895678,1890996,452,10831,10379,0,0,0
1895704,a07c68c2-1ce2-ec5b-4165-53a1e4203a34,64,1884826,1894926,1895685,1890764,759,10859,10100,0,0,0
1895764,646d2e33-380a-402d-0e55-ced39e79a6fe,64,1884835,1893911,1895755,1890031,1844,10920,9076,0,0,0
1895893,676a504c-dbeb-21e2-39a0-1a0b64657945,32,1893685,1895764,1895834,1894373,70,2149,2079,0,0,0
1896013,aa759a8a-deb5-1d16-3020-d03f5a69e2c6,64,1884655,1894616,1895987,1890756,1371,11332,9961,0,0,0
1896193,b67333e0-8ceb-424f-1eca-85b31c7378e6,64,1884826,1895286,1896164,1891041,878,11338,10460,0,0,0
1896313,9de2fd3f-f952-f1e8-d029-733c9e55f98d,64,1892473,1895704,1896268,1894186,564,3795,3231,0,0,0
1896313,15b2c2b4-8cf0-f97b-4128-d40b5fc57ff4,64,1892732,1895704,1896311,1894269,607,3579,2972,0,0,0
1896498,8b991282-3075-f9af-ce7d-765b634c25ea,64,1892709,1895893,1896487,1894411,594,3778,3184,0,0,0
1896797,25f98046-0c1d-180e-d873-9636c50e5194,64,1891633,1896313,1896797,1895716,484,5164,4680,0,0,0
1896968,c798c498-499d-5830-8d67-6a99a94a3567,64,1891189,1895704,1896968,1894335,1264,5779,4515,0,0,0
1897028,7f8a1fca-9ef1-7e4f-a2f0-77e330405cc4,64,1891510,1896013,1897011,1894987,998,5501,4503,0,0,0
1897216,85c53910-93f6-f723-01d2-3a76ca179780,32,1891182,1896193,1897216,1895092,1023,6034,5011,0,0,0
1897348,5a7284a2-25ba-7795-62a8-76d76d58bf63,64,1891307,1896498,1897348,1895753,850,6041,5191,0,0,0
1897408,763f56ac-bfee-b533-acf5-9149b1c9d0dc,32,1891781,1896313,1897351,1895371,1038,5570,4532,0,0,0
1897468,1567f88e-6276-ee87-3ae8-c8f8d2478bb2,32,1891504,1896313,1897412,1895347,1099,5908,4809,0,0,0
1897802,39ed0800-3179-79f9-29ed-e760233408ba,32,1892038,1896797,1897802,1895887,1005,5764,4759,0,0,0
1897862,a4d6c76c-a3f5-cc8d-39ce-fff31b3ec681,64,1891489,1896968,1897827,1896373,859,6338,5479,0,0,0
1898084,ec5412b4-0d74-fc38-bc58-82ecb34de663,32,1891734,1897028,1898084,1896445,1056,6350,5294,0,0,0
1898144,2804335a-3311-65e0-2c5c-ce54210c78d9,64,1894782,1897348,1898097,1896843,749,3315,2566,0,0,0
1898144,af051197-3ebb-65f1-758d-aaee760fdd95,64,1891176,1897216,1898120,1896606,904,6944,6040,0,0,0
1898355,a45ca94a-3452-98c4-6031-046126d3e222,64,1891285,1897862,1898355,1897107,493,7070,6577,0,0,0
1898640,e7d73d1d-69a3-b991-3634-646c5806a961,64,1891574,1898144,1898640,1897541,496,7066,6570,0,0,0
1898723,d03bcbfc-dca7-e284-f230-7c2230c7809b,64,1891496,1896797,1898723,1896274,1926,7227,5301,0,0,0
1899095,7e388a19-46f7-b20a-c3c4-95061e8e06ed,64,1894031,1898084,1899095,1897395,1011,5064,4053,0,0,0
1899220,71a91c81-4eee-5680-b0ba-8fe363ff910d,64,1895648,1898723,1899220,1898084,497,3572,3075,0,0,0
1899280,af9a1168-1766-1795-7ffa-b493285eed0a,64,1894556,1898144,1899246,1897625,1102,4690,3588,0,0,0
1899449,d7a29c6c-47bb-6bb0-c51b-2775dd7b99a6,64,1895134,1898355,1899449,1897798,1094,4315,3221,0,0,0
1899509,dcd81a8b-a8d6-faf6-df0d-def190c40e45,32,1593100,1743955,1899483,1865359,155528,306383,150855,0,0,0
1899604,e004c471-85e1-b28d-ae70-f6f5015a749b,64,1891633,1897468,1899604,1896965,2136,7971,5835,0,0,0
1899678,93ddbda1-34fe-6da8-07e8-6429e4fa6417,64,1894150,1899095,1899678,1898116,583,5528,4945,0,0,0
1899805,5287e5f4-85c1-4181-4567-4f45ad3b1b9d,64,1893789,1899280,1899805,1898453,525,6016,5491,0,0,0
1899865,e586ee20-c73e-69e9-9806-9315ce62665f,64,1897107,1899220,1899853,1898438,633,2746,2113,0,0,0
1900109,115db44f-ca4a-40bc-4121-81a34818b004,64,1895965,1899604,1900109,1898707,505,4144,3639,0,0,0
1900263,accc8e70-5663-e490-6cfa-d76f40987d5c,64,1897065,1900109,1900263,1899277,154,3198,3044,0,0,0
1900323,a99f8c03-9c31-0930-286e-f693da341653,64,1891575,1899449,1900319,1898524,870,8744,7874,0,0,0
1900383,22ae8888-5200-41ca-4855-f44a33704903,64,1894127,1899865,1900354,1899020,489,6227,5738,0,0,0
1900526,3de54ee2-a655-596c-2528-d32da60c2bed,64,1893791,1898640,1900479,1897856,1839,6688,4849,0,0,0
1900764,6bd1f826-e6c2-cbb7-83c7-4cbe916baf87,64,1893858,1900263,1900764,1899310,501,6906,6405,0,0,0
1901092,5fed5cb7-a6e8-0b4f-e5bb-7f3b687bb3ce,64,1894854,1900526,1901092,1899791,566,6238,5672,0,0,0
1901326,81ef8162-3953-e8bb-c83e-00325fe8a7f4,64,1896305,1900764,1901326,1899848,562,5021,4459,0,0,0
1901412,3193fb1c-91bd-4f30-6b1a-ae6a31ca528c,64,1894426,1899805,1901412,1898908,1607,6986,5379,0,0,0
1901814,17dcabf5-5088-5581-0c4c-eedf0bb1b984,64,1895833,1901326,1901814,1899990,488,5981,5493,0,0,0
1901874,af178dbb-c461-aac1-12b5-9aa4c07d0001,64,1895732,1901092,1901837,1899864,745,6105,5360,0,0,0
1901983,e7773701-f787-3461-662c-4f006c2d1b96,64,1893800,1900383,1901983,1899691,1600,8183,6583,0,0,0
1902168,8037b969-7946-8eae-d3dc-00ee9203c5d2,64,1894035,1900323,1902168,1899395,1845,8133,6288,0,0,0
1902788,1be00f8e-0c8d-51d2-1673-aefbeb9e54e0,64,1895487,1901874,1902788,1900192,914,7301,6387,0,0,0
1902950,20323ec5-2f4c-da5e-869c-4218ecb55c92,64,1895966,1902168,1902923,1900263,755,6957,6202,0,0,0
1903124,a885f19e-dcac-3096-4595-7a60194d397d,64,1896096,1901983,1903124,1900255,1141,7028,5887,0,0,0
1903389,32d7cc22-2a1e-da7b-4c01-f701c0d02553,64,1893880,1901412,1903389,1900025,1977,9509,7532,0,0,0
1903449,5bd972c7-04a4-34e7-ffcf-956e0c0b6cd1,64,1894316,1903124,1903444,1900485,320,9128,8808,0,0,0
1903586,a3b4a240-7f48-0536-9f2e-444a501bcf44,64,1895466,1901814,1903547,1900143,1733,8081,6348,0,0,0
1903991,7d8f2350-31c7-7a44-64f8-f226830481c2,64,1896132,1903389,1903991,1900528,602,7859,7257,0,0,0
1904865,0843280a-07ac-a3fe-a73a-366e43577225,64,1893980,1903991,1904839,1900762,848,10859,10011,0,0,0
1904865,963d4606-ae6b-19de-faec-fb4c8a240d57,64,1893502,1902950,1904841,1900393,1891,11339,9448,0,0,0
1904963,3e6a41f1-278e-2f60-7a99-bd7654edfb70,64,1893671,1902788,1904963,1900271,2175,11292,9117,0,0,0
1905314,0f0e5767-606f-fa15-f76c-432eb4428cde,64,1895895,1903449,1905266,1900657,1817,9371,7554,0,0,0
1905623,4008d4da-a819-213d-c4fa-84a427d764ce,64,1895900,1904865,1905601,1900777,736,9701,8965,0,0,0
1905623,8f97b21d-028a-df1c-d2b1-2838639e8bbc,64,1898094,1904865,1905609,1900845,744,7515,6771,0,0,0
1905803,cb5475bf-3c31-285d-ee35-0ed7ce955086,64,1894782,1903586,1905763,1900706,2177,10981,8804,0,0,0
1905937,2cdb1625-b41f-5721-56af-d9ce799f52c0,64,1896115,1905623,1905937,1901162,314,9822,9508,0,0,0
1906358,c972d38d-3ee2-b11c-2fd2-908feea163a7,64,1896258,1905314,1906358,1900945,1044,10100,9056,0,0,0
1906418,2b94906d-d252-f321-4f64-710a5dbffb1f,64,1894724,1905803,1906370,1901273,567,11646,11079,0,0,0
1906694,5bc07988-21f9-69e9-37cf-45f6f32ede3c,64,1896032,1905937,1906694,1901288,757,10662,9905,0,0,0
1906774,ea8b31f5-ccae-58fe-54eb-8e20af7c7d2b,64,1896098,1905623,1906774,1901216,1151,10676,9525,0,0,0
1906834,91ae3d4c-6659-2d83-920b-725b17871810,64,1893856,1904963,1906805,1900902,1842,12949,11107,0,0,0
1906894,e119e331-0538-fbfd-41fd-1281861c2a6f,64,1895747,1906418,1906853,1901397,435,11106,10671,0,0,0
1906894,05d0f23a-5ecb-b693-f3ac-2f5e1749939d,64,1900466,1906774,1906855,1901623,81,6389,6308,0,0,0
1907153,094a8492-d88d-11dd-321a-3244cf6579ec,64,1897376,1906834,1907153,1901645,319,9777,9458,0,0,0
1907213,ca7ecb33-787d-a6d7-c8df-d1f114d72283,64,1895644,1906694,1907183,1901466,489,11539,11050,0,0,0
1907273,dc160e3d-eb15-9f5b-81a0-578257ec95f3,64,1895510,1906894,1907222,1901859,328,11712,11384,0,0,0
1907333,bb0084fa-3822-b51b-5b00-f1a0d2ed3196,64,1900702,1906894,1907288,1901660,394,6586,6192,0,0,0
1907393,c89f884f-2568-221b-8fd7-3af97b8899f9,64,1898927,1906358,1907378,1901334,1020,8451,7431,0,0,0
1907653,6001f54d-01d7-7831-850f-1cdc1e2a03f1,64,1895911,1907213,1907652,1902168,439,11741,11302,0,0,0
1907778,98d53cf5-4afc-f9e8-cc47-6b726e310234,64,1895971,1907333,1907778,1902419,445,11807,11362,0,0,0
1907838,6d744a0b-3f2d-39c8-e338-e5797521aa18,32,1896207,1906774,1907836,1901613,1062,11629,10567,0,0,0
1908100,4878383a-e037-e953-6d2d-7cb9a452b559,64,1899717,1907153,1908084,1901961,931,8367,7436,0,0,0
1908160,903506bb-ef6d-8fc6-afbd-f3690636f35e,64,1896490,1907653,1908152,1903066,499,11662,11163,0,0,0
1908292,76a6e2e6-d4d3-2808-6054-a51cab1ead74,64,1896255,1907273,1908292,1902361,1019,12037,11018,0,0,0
1908990,1dee4b6d-3ce7-5d1e-2947-fd26274ac7a7,64,1896496,1907393,1908990,1902988,1597,12494,10897,0,0,0
1909050,233e8b97-ded7-fbb9-f454-ef982712cefe,64,1899021,1908160,1909017,1903500,857,9996,9139,0,0,0
1909609,41f83199-f4ea-e769-8366-c189cd8d9f75,64,1896497,1907778,1909609,1903143,1831,13112,11281,0,0,0
1909907,f79f8fa9-bd8c-6f4f-8fe2-75b124e72383,64,1896486,1908100,1909907,1903336,1807,13421,11614,0,0,0
1909967,8ad8c568-1b39-0777-caaa-4685f5266edf,64,1902231,1909050,1909927,1904436,877,7696,6819,0,0,0
1910027,c528ac36-2545-034c-714c-d65e079e8b0b,64,1903526,1909907,1910027,1905345,120,6501,6381,0,0,0
1910133,d46c5776-4db3-a044-2887-6b7f64694f53,64,1898522,1908292,1910133,1904000,1841,11611,9770,0,0,0
1910297,ae3acdf2-eac9-b1cc-9ea3-93eadb646a33,64,1905658,1910133,1910297,1906395,164,4639,4475,0,0,0
1910467,af76b6c2-dd6d-6b41-3692-a531c6097cd8,64,1905392,1910297,1910467,1906417,170,5075,4905,0,0,0
1910527,fa286316-5315-6a23-12f0-ed7dbff49c48,64,1905659,1910027,1910495,1906308,468,4836,4368,0,0,0
1910639,8e484bc0-69c5-0d69-2c6c-db5aac367cb9,64,1905380,1910527,1910639,1907201,112,5259,5147,0,0,0
1910699,05c208e0-eb05-6b48-ea90-f6488155db84,64,1904661,1910467,1910640,1906745,173,5979,5806,0,0,0
1910906,9cc05b67-a19b-224a-6bfc-2a47565f1491,64,1903864,1910639,1910906,1907238,267,7042,6775,0,0,0
1910972,ae2bcab8-551f-e4f7-25d6-9a97360824da,64,1898895,1909967,1910972,1905470,1005,12077,11072,0,0,0
1911252,8eb7c306-8f73-198e-5c3d-0d5f5c6801d6,64,1898867,1909609,1911252,1905048,1643,12385,10742,0,0,0
1911337,caf91924-4f2c-8cfd-1724-5dacf8673a5b,64,1905968,1910906,1911337,1907425,431,5369,4938,0,0,0
1911726,c35d8f64-418a-f089-fa7d-e9617927a136,64,1904805,1911252,1911726,1907605,474,6921,6447,0,0,0
1912039,02774ef3-1f4f-4a0f-507f-fc32c78e4415,64,1902288,1910699,1912039,1907397,1340,9751,8411,0,0,0
1912441,2ff8107a-63ba-9d86-9b0e-70ad922bda48,64,1896438,1908990,1912441,1904017,3451,16003,12552,0,0,0
1912891,767a92b7-0186-2029-ab8a-501567273710,64,1902890,1912039,1912884,1908526,845,9994,9149,0,0,0
1913077,9faa2180-01a0-69a2-4b37-617d932204fb,64,1904980,1911726,1913023,1908282,1297,8043,6746,0,0,0
1913137,3ff93134-650e-78e4-6fe6-33f18f807d8b,64,1906398,1912891,1913094,1908841,203,6696,6493,0,0,0
1913554,33611134-b012-00ab-9fa8-70407c260521,64,1905721,1913077,1913510,1908897,433,7789,7356,0,0,0
1913960,a1919e12-7e1b-5edf-454f-6d2d99f2587c,64,1907255,1913137,1913960,1909134,823,6705,5882,0,0,0
1914784,b58dfc59-ebe0-c8c1-ae38-cf4647f86de4,64,1899449,1912441,1914784,1908615,2343,15335,12992,0,0,0
1914871,5f0bb32f-e6dd-bbe3-a89a-18fe5f8e74df,64,1903569,1913554,1914871,1909359,1317,11302,9985,0,0,0
1915056,4a85e443-3ba8-78d9-34b5-5b8648a84587,64,1907980,1914784,1915056,1909624,272,7076,6804,0,0,0
1915116,eeb47b07-8239-01c4-ad52-09e76c8a30c1,64,1907474,1914871,1915057,1909695,186,7583,7397,0,0,0
1915217,d3f63623-39b0-0426-f007-1d3b5c99d8ab,64,1895106,1910972,1915217,1907448,4245,20111,15866,0,0,0
1915277,408669bb-4721-194b-c8a4-ae21d9f850e9,64,1908376,1915116,1915251,1910090,135,6875,6740,0,0,0
1915604,ac9b389a-6adf-d568-b5ca-a993aacad101,64,1907424,1915056,1915552,1910016,496,8128,7632,0,0,0
1915787,8470f6c8-ce66-31cb-b7b6-51ee028bffb6,32,1909267,1915277,1915755,1911078,478,6488,6010,0,0,0
1916282,3c304193-d975-8f32-6e1b-670f67c2e684,64,1806281,1806281,1916233,1850068,109952,109952,0,0,0,0
1916282,aaefdbe1-d674-998a-6a97-cbce673659ef,64,1908041,1915217,1916233,1910658,1016,8192,7176,0,0,0
1916282,e83cdff9-78a1-d988-04e1-502aa76180c7,64,1908143,1915277,1916273,1911239,996,8130,7134,0,0,0
1916610,0bb5c276-abe3-77f3-8066-703846dfe43f,64,1907985,1916282,1916610,1911546,328,8625,8297,0,0,0
1916901,9f325c4c-0415-a961-7ea7-ededcca0152e,64,1908755,1916282,1916901,1912285,619,8146,7527,0,0,0
1916961,e830257d-cf8b-4eb2-43f1-5176eed15809,64,1909161,1915604,1916907,1911490,1303,7746,6443,0,0,0
1916961,9364ecb5-db29-920a-c886-b7c6a4c755b0,64,1909058,1916282,1916944,1912189,662,7886,7224,0,0,0
1917473,23a9654d-f679-d544-5acf-614ae834fb5b,64,1907659,1916610,1917453,1912372,843,9794,8951,0,0,0
1917473,3e447305-eb55-920d-81d2-31cb66bd5d42,64,1907154,1916901,1917467,1912535,566,10313,9747,0,0,0
1918306,849ebfa5-68f0-ca5d-10ac-72bdaf4c9dfc,64,1908538,1917473,1918306,1913880,833,9768,8935,0,0,0
1919136,91d51b06-3059-1fbc-2d15-94cbdcc31cb2,64,1907593,1917473,1919136,1913846,1663,11543,9880,0,0,0
1919196,8cca8963-2e2e-77a4-cade-c3792ab403f6,64,1906529,1916961,1919148,1912552,2187,12619,10432,0,0,0
1920271,84c469b1-20c1-3845-025f-c70f90884400,64,1907417,1919196,1920271,1914290,1075,12854,11779,0,0,0
1921179,13ed280a-d5e1-4d1f-e5f2-2dfba741104b,64,1907055,1920271,1921179,1914578,908,14124,13216,0,0,0
1921857,8c6d768e-45bc-f3ba-ef52-d36e8a63b93c,64,1906506,1919136,1921857,1914201,2721,15351,12630,0,0,0
1922459,02bbc915-9fc9-953a-ed32-1036fa6e8103,64,1900112,1916961,1922459,1913023,5498,22347,16849,0,0,0
1923449,5c42adcf-5acc-616d-199d-ed5edb84aa96,64,1910369,1921857,1923449,1914857,1592,13080,11488,0,0,0
1923509,8d8164b0-f85a-d287-93ff-c45f2b80e44a,64,1907865,1921179,1923470,1914733,2291,15605,13314,0,0,0
1924281,f07bf9bb-20fd-a784-6dd9-a87993ee36ee,64,1912623,1923449,1924281,1915295,832,11658,10826,0,0,0
1924341,5027b309-cedb-5488-3623-87b49be9ec86,64,1905254,1918306,1924285,1913976,5979,19031,13052,0,0,0
1924341,bf733026-9664-6ca5-e460-2d314e9f67a7,64,1908039,1922459,1924315,1914876,1856,16276,14420,0,0,0
1925177,c8169e32-5263-a195-f729-4c21208bc725,64,1913017,1924341,1925177,1915856,836,12160,11324,0,0,0
1925650,9134c0b7-6f73-573b-faee-bacdc8c8ccf9,64,1912916,1923509,1925650,1915478,2141,12734,10593,0,0,0
1925808,8a60b332-99fb-38a9-0d2d-ba723b06dd82,64,1905948,1924281,1925808,1915690,1527,19860,18333,0,0,0
1925921,5a2d6aee-6e29-a319-014d-98294e4a516f,64,1913494,1924341,1925921,1916171,1580,12427,10847,0,0,0
1925981,b81bda1d-386a-9050-47c5-8839c42cd0ba,64,1913790,1925650,1925964,1917013,314,12174,11860,0,0,0
1926197,5893ef12-ab3f-8d22-1d5e-6aee0240f59a,32,1913619,1925177,1926197,1916425,1020,12578,11558,0,0,0
1926865,9947c98a-2444-7277-27ea-f6650b752e49,64,1912831,1925808,1926865,1917476,1057,14034,12977,0,0,0
1927600,55dddf38-fc94-54ae-867a-211ade162c17,64,1912839,1925921,1927600,1917707,1679,14761,13082,0,0,0
1928157,e7f2418a-953f-cfd4-6069-4b6d04b51c12,64,1915618,1927600,1928157,1918493,557,12539,11982,0,0,0
1928381,f91070e0-2cce-4cce-6994-a2ca7738381c,64,1907250,1925177,1928381,1916561,3204,21131,17927,0,0,0
1928638,b7a63ca5-b08c-147d-3a74-7c443ebe066c,64,1915598,1926865,1928638,1918134,1773,13040,11267,0,0,0
1928746,96e15645-8ad8-af05-1991-77b932888f78,64,1915747,1928381,1928746,1918777,365,12999,12634,0,0,0
1929118,68e8f311-5295-ea96-487b-25d79cf023dd,64,1915536,1928638,1929118,1918808,480,13582,13102,0,0,0
1929397,229da816-d113-8946-bcd4-2854b6630e4c,32,1913057,1928381,1929397,1918594,1016,16340,15324,0,0,0
1929608,6df5fa4a-4a8e-9dd2-6067-982478adb182,64,1913191,1928746,1929608,1918859,862,16417,15555,0,0,0
1929941,cf492a27-4089-8b7c-4866-7469e6162980,64,1912625,1929118,1929941,1918961,823,17316,16493,0,0,0
1930365,d0f64c6d-fa2b-dff7-23b7-aaf692dd8487,64,1915484,1928157,1930365,1918520,2208,14881,12673,0,0,0
1930449,cc5015cf-7c81-ed5a-ce5a-43726574708d,64,1916472,1929608,1930449,1918965,841,13977,13136,0,0,0
1930509,b62c09bf-a4f7-3a30-17a1-5a60c55e6efb,64,1915629,1929941,1930503,1919052,562,14874,14312,0,0,0
1931202,7d6dca57-cc80-a698-8765-88fe75f53328,64,1915984,1930365,1931202,1919184,837,15218,14381,0,0,0
1931539,39d2d74a-71a7-1782-d751-af9cf9e6debb,32,1913194,1930509,1931539,1919818,1030,18345,17315,0,0,0
1931638,0d08367e-f3d5-f737-5a71-504b8380d397,64,1915838,1930509,1931638,1919930,1129,15800,14671,0,0,0
1931710,107380cb-46d9-e34d-1feb-21c760b2d14b,64,1915539,1930449,1931710,1919563,1261,16171,14910,0,0,0
1932732,d81b6bb7-55c6-b8d6-b647-2ba8793a650c,64,1915858,1931710,1932732,1920656,1022,16874,15852,0,0,0
1933581,c21f84fc-d0bc-bad5-85f8-0d9b00060d5a,64,1915497,1932732,1933581,1920907,849,18084,17235,0,0,0
1934574,960b9746-9b51-0232-fca7-644d47b76d17,64,1913125,1931202,1934535,1920255,3333,21410,18077,0,0,0
1934846,3d8925a9-25d2-87d0-7665-87075d411ac5,64,1916162,1931638,1934846,1920451,3208,18684,15476,0,0,0
1935130,c0bf3b37-623d-c905-cc3e-b36ddc75f4cc,64,1915728,1934574,1935130,1920965,556,19402,18846,0,0,0
1935972,dfedf5fa-174d-65c0-ed60-18d977019d44,64,1915566,1935130,1935972,1921595,842,20406,19564,0,0,0
1936503,784aee43-11c7-beb2-042a-6bd7a51004b8,64,1887253,1913960,1936503,1909376,22543,49250,26707,0,0,0
1936640,ae2e69e2-6c3f-4800-ec13-d7c3e1c72223,64,1915289,1934846,1936640,1921233,1794,21351,19557,0,0,0
1936814,3e612d66-05bf-0618-6930-b0c4d5576899,64,1916277,1935972,1936814,1921640,842,20537,19695,0,0,0
1936814,ef775124-0911-e215-e4b7-0864d362dea7,64,1915818,1936503,1936814,1921784,311,20996,20685,0,0,0
1937376,e6ffee2a-e37b-8f84-9351-240fa093ca68,64,1915266,1936814,1937376,1922386,562,22110,21548,0,0,0
1937659,33f92a87-8372-6123-9ed7-a652de2bfe58,32,1915858,1936640,1937659,1922045,1019,21801,20782,0,0,0
1937871,36d0bb41-7a8e-55a9-7a70-425b7989d78e,32,1915299,1936814,1937871,1922453,1057,22572,21515,0,0,0
1938581,4a2f2373-f777-c816-85ef-875e26755363,64,1915727,1936640,1938581,1922305,1941,22854,20913,0,0,0
1939058,06617f95-eba1-8fa8-1f19-f85b4d330569,64,1915507,1933581,1939058,1920947,5477,23551,18074,0,0,0
1940063,468ebdf8-dd25-2141-b03d-01eb336fc177,64,1913768,1937376,1940063,1927559,2687,26295,23608,0,0,0
1944707,9afa8267-4479-1214-b5de-f8074a965478,64,1920462,1940063,1944707,1942283,4644,24245,19601,0,0,0
1945444,b4c0fd18-65cd-7fd1-6264-9ce8eab8d5be,64,1916222,1939058,1945444,1938866,6386,29222,22836,0,0,0
1947350,71594914-b1b6-8ecd-4009-45ce932c3ec9,64,1924499,1938581,1947350,1931489,8769,22851,14082,0,0,0
1951253,3366da87-7f7a-c78c-d8b1-3a9d8e041844,64,1916380,1944707,1951253,1944315,6546,34873,28327,0,0,0
1951722,dc83f96f-52a6-e3d4-fe58-a9701aea2c2c,64,1935686,1945444,1951722,1945151,6278,16036,9758,0,0,0
1952891,8c6ef4cd-f9d6-5e8e-fd61-de15ae53719c,32,1943535,1951722,1952891,1949459,1169,9356,8187,0,0,0
1957002,546fcba3-b336-d143-26cf-bf5144352e6f,64,1935997,1951253,1957002,1946753,5749,21005,15256,0,0,0
1957369,3881e713-22be-a0bc-b7eb-178670f7cd82,32,1949872,1957002,1957369,1955301,367,7497,7130,0,0,0
1957566,492d85a7-be50-1500-15a7-5ed90eb2858f,64,1915988,1947350,1957566,1946090,10216,41578,31362,0,0,0
1959033,705f052b-d682-a0b4-7bb7-cc429cba7bc6,64,1915922,1952891,1959033,1952541,6142,43111,36969,0,0,0
1959717,2bd7d038-8149-2b7a-4968-fdf25760c094,64,1916319,1957566,1959717,1958194,2151,43398,41247,0,0,0
1961403,663b4427-bef7-110a-57f9-f3a761936947,32,1960695,1960695,1961403,1962718,708,708,0,0,0,0
1962254,e92915a3-85cd-74bf-501c-93a3b1f22be5,64,1916058,1959717,1962254,1963174,2537,46196,43659,0,0,0
1964161,244220c6-4b0c-100c-2626-c97d73fe6a93,64,1855099,1861806,1964161,1907819,102355,109062,6707,0,0,0
1968340,88f7f097-57f2-a45f-e751-5d4b0d829d52,32,1917413,1944707,1968340,1942863,23633,50927,27294,0,0,0
1968814,07298d47-7c65-9dc9-4b42-5bba4da273ed,32,1962265,1964161,1968814,1969273,4653,6549,1896,0,0,0
1969385,fae45d7c-a1b1-087e-fa4c-b5590ecc9ff5,64,1968693,1968693,1969385,1969164,692,692,0,0,0,0
1970510,5132fe68-a1a0-54a9-7058-3380ea77d1d6,64,1806322,1806341,1970510,1898754,164169,164188,19,0,0,0
1971539,90a71d24-b277-2e31-4655-6f9a7692f681,64,1971055,1971055,1971539,1971804,484,484,0,0,0,0
1973149,f1c2fa18-c2af-56a6-5038-4c0ddbc3f559,32,1944283,1968340,1973149,1974358,4809,28866,24057,0,0,0
1973561,9714fadc-b3c4-d030-6e84-e8323c38c3f0,64,1972946,1972946,1973561,1974650,615,615,0,0,0,0
1974645,1e0914d2-e5c9-43b1-a898-dac4f736df7e,64,1973957,1973957,1974645,1974590,688,688,0,0,0,0
1976841,8e2b4d2c-af49-6395-2775-957e3ea6ca65,64,1934514,1962254,1976841,1963653,14587,42327,27740,0,0,0
1977381,bf16e3e9-49b7-e037-4425-dea7c83924d7,64,1976156,1976156,1977381,1981313,1225,1225,0,0,0,0
1990440,653d171f-c0bd-e748-dbb4-64a3cec79642,64,1990151,1990151,1990440,1990994,289,289,0,0,0,0
1990642,3bdccce0-9875-e4da-d830-dffe88859ae5,64,1990229,1990229,1990642,1991231,413,413,0,0,0,0
1990923,3dec163c-fd5d-da42-7193-41779a6e868d,32,1990084,1990084,1990923,1991461,839,839,0,0,0,0
1992371,6359d5ce-e2aa-6dc7-7208-838e7d57ef69,32,1987811,1987811,1992371,1997655,4560,4560,0,0,0,0
1992804,436d977b-6431-cbbe-0e44-c9dc81b61c87,64,1950614,1970510,1992804,1993308,22294,42190,19896,0,0,0
1995204,1e228ade-59c6-7a52-8f80-d1ef4615575c,64,1905563,1957369,1995204,1958128,37835,89641,51806,0,0,0
1996618,37b567b4-172d-2bd0-0fbd-4c81a9008ecd,64,1814445,1821247,1996618,1893483,175371,182173,6802,0,0,0
1999798,6c21835d-d8e8-b97c-e0a2-59014932936e,64,1998347,1998394,1999798,2009001,1404,1451,47,0,0,0
1999858,2abc4b2f-b0a6-e457-0620-5f4a6e718848,32,1998021,1998080,1999802,2003554,1722,1781,59,0,0,0
2001140,2ebfaf4c-8135-92e7-f8c0-0141ddf194d4,64,1855054,1861947,2001140,1917766,139193,146086,6893,0,0,0
2001292,eca04629-e05b-c7ea-c0a1-5dbc695f34ff,64,1998020,1998020,2001292,2012862,3272,3272,0,0,0,0
2001402,06bf79cf-4616-fd6e-fe20-193baae2ad63,64,1998334,1998334,2001402,2009797,3068,3068,0,0,0,0
2008480,e237c877-2e0e-6673-ced7-cd177e14c595,64,2008324,2008324,2008480,2010302,156,156,0,0,0,0
2018248,a34321bf-7aee-e7df-5bd5-5037f7444596,64,1844329,1850311,2018248,1929324,167937,173919,5982,0,0,0
2028659,083759f8-2090-f35e-55fc-f99133c417d5,64,2028131,2028131,2028659,2029762,528,528,0,0,0,0
2029076,14aa3ca3-7ca9-e68f-e12f-3b2104005940,64,1896641,1969385,2029076,1980249,59691,132435,72744,0,0,0
2036312,b52a9e6b-c8b6-48e0-12a8-50c55bab7f4a,32,1881020,1959033,2036312,1960417,77279,155292,78013,0,0,0
2216441,f23657ec-5acc-0d2f-281b-a82763cf3b51,64,2213831,2213831,2216441,2272607,2610,2610,0,0,0,0
2223212,29b2b32c-1f27-fa2c-8439-1819b97a08ba,64,2218176,2218198,2223212,2247174,5014,5036,22,0,0,0
2224250,b2a0f778-809d-6444-53ab-3cce264ae04f,64,2215851,2215851,2224250,2259445,8399,8399,0,0,0,0
2224609,8868b644-9822-0d58-ff49-a81cd42aa238,32,2215852,2215911,2224563,2237592,8652,8711,59,0,0,0
2224961,ba0371f9-90ed-01d3-ef44-4cf56f089155,64,2217430,2217430,2224961,2243781,7531,7531,0,0,0,0
2226066,19b7775f-e7bb-5e42-b312-6a11db6ae7db,64,2224623,2224669,2226066,2226139,1397,1443,46,0,0,0
2226354,96f01335-c5ab-48da-e435-4021392a9fc4,64,2224549,2224549,2226338,2227171,1789,1789,0,0,0,0
2226973,8cfb137c-a89e-a4df-471c-10aecdb4adab,64,2225102,2225102,2226973,2228664,1871,1871,0,0,0,0
2228891,a40dfea5-bd64-987e-b652-ae9938b5e89a,32,2217430,2217430,2228891,2261752,11461,11461,0,0,0,0
2229099,0b2d983a-f218-9128-b2da-61f764bfc76d,64,2214719,2214719,2229099,2244635,14380,14380,0,0,0,0
2229248,1aa67474-e200-c157-6d54-c95aaa4d52a8,64,2218138,2218138,2229248,2262217,11110,11110,0,0,0,0
2229308,a22966c4-ca39-d65a-991f-210234aaf8d4,64,2224482,2224482,2229304,2226977,4822,4822,0,0,0,0
2230437,862a76f2-f15e-609c-b297-fa7ff719ae43,64,2214351,2214351,2230437,2256429,16086,16086,0,0,0,0
2230497,efede7bb-5909-b7d6-c353-b9e48aa2f756,64,2222200,2222200,2230495,2242840,8295,8295,0,0,0,0
2235935,71f71add-abee-d5b2-d0e9-15d4d50372a8,64,2234319,2234319,2235935,2244503,1616,1616,0,0,0,0
2236254,85406adb-983a-e235-1891-f8cfd7d050be,64,2234228,2234228,2236254,2259249,2026,2026,0,0,0,0
2236696,e9366a85-3a46-fbe3-d255-a4de9330ba83,64,2235251,2235276,2236696,2237933,1420,1445,25,0,0,0
2236756,f22fdeb8-97ca-bad1-26aa-78092c3b4e9c,64,2222852,2222852,2236705,2235269,13853,13853,0,0,0,0
2237551,3781d306-d5e0-a664-e4db-04c8a8174c85,64,2219759,2219759,2237551,2243955,17792,17792,0,0,0,0
2238526,ceefd2c9-7e2b-73ce-edf9-8b8d8ddd6a3e,64,2233225,2233225,2238526,2244763,5301,5301,0,0,0,0
2238586,49793220-d14b-c771-9ff0-287a4d334878,64,2236740,2236756,2238565,2249148,1809,1825,16,0,0,0
2238778,3429ce3b-8931-0697-24ab-a2a0b1cbc263,64,2235216,2235216,2238778,2242695,3562,3562,0,0,0,0
2238838,2b76a718-566c-93cc-1d4d-fdb14e0ebe2e,64,2214650,2214650,2238806,2264385,24156,24156,0,0,0,0
2239583,47e321c2-a4ba-e8bf-83b8-fa0513bc0dc6,64,2231234,2231234,2239583,2235520,8349,8349,0,0,0,0
2240405,60f41905-693f-9bc7-fa2d-0e68533a83b3,64,2213768,2213768,2240405,2263720,26637,26637,0,0,0,0
2240471,9e47a339-c0ae-0b1a-f347-673637ec07a6,64,2238052,2238052,2240471,2242495,2419,2419,0,0,0,0
2240643,cab21438-8557-ec6c-0a23-b722c2afba28,64,2235557,2235557,2240643,2249286,5086,5086,0,0,0,0
2242903,35c606b5-4e00-3d55-15ca-dfaff26d3dd3,64,2222266,2230437,2242903,2279843,12466,20637,8171,0,0,0
2244417,6e663c0a-c1e0-a4a1-7bf8-20f6c6523c3d,64,2239114,2239114,2244417,2266311,5303,5303,0,0,0,0
2244492,cf1ca021-6431-5fc2-6946-4f3f514f6fd9,64,2244279,2244279,2244492,2245087,213,213,0,0,0,0
2244938,87d2e18f-dc24-1f84-9019-19b726da7a1c,64,2214466,2214466,2244938,2280964,30472,30472,0,0,0,0
2246013,acb83fce-b3e1-511b-2128-04c5f94e485d,64,2245774,2245774,2246013,2246226,239,239,0,0,0,0
2246466,6321d753-68dd-66fd-9fa3-8f4baa1cd2d8,64,2244189,2244189,2246466,2247938,2277,2277,0,0,0,0
2246922,aee7c7a5-8629-6fbe-309b-48dd63329992,64,2219882,2229308,2246890,2277994,17582,27008,9426,0,0,0
2247305,02b622e9-808e-08d2-5d26-4b1b6593b659,64,2246862,2246862,2247305,2248584,443,443,0,0,0,0
2247761,cf928274-9ffc-7f2b-1ea8-22bb57385567,64,2247024,2247042,2247761,2249688,719,737,18,0,0,0
2248568,488e5bd8-0729-15c7-25ee-3dfd6cc1da4d,64,2246029,2246073,2248568,2250262,2495,2539,44,0,0,0
2248718,d13b3a4d-87f1-6ab5-8e82-373e42be7d36,64,2246638,2246638,2248718,2272783,2080,2080,0,0,0,0
2249019,2b10a823-d777-0933-adf0-1fe06d572692,64,2248489,2248489,2249019,2249257,530,530,0,0,0,0
2250012,e51bdfff-17aa-3aee-0dc2-0df3d49edd91,64,2246968,2246982,2250012,2260202,3030,3044,14,0,0,0
2251347,7b4bcaf8-6b4a-3541-f123-167e596a2b36,64,2025554,2025554,2251347,2306798,225793,225793,0,0,0,0
2252430,a197339c-913a-2b6c-a8df-e59a2dbdc7cf,64,2251882,2251882,2252388,2255113,506,506,0,0,0,0
2252621,2a7cf9e9-d7a7-e7b1-88c6-2063a06303ca,64,2252370,2252370,2252621,2253190,251,251,0,0,0,0
2252742,1ad74fd4-298b-2e78-5420-60ce6b2f9d47,64,2248905,2248905,2252742,2252176,3837,3837,0,0,0,0
2253216,c3828725-e1c6-3384-ee20-a0b5acad7c07,64,2252967,2252967,2253166,2253775,199,199,0,0,0,0
2253276,44725ab7-bc44-a417-914b-a9bb60f91495,64,2252975,2253027,2253227,2257428,200,252,52,0,0,0
2253909,ff26cb58-5656-511d-565c-978aec83c4d7,64,2253156,2253156,2253909,2253816,753,753,0,0,0,0
2254029,2663afff-87b0-6378-466b-9910841169cd,64,2253161,2253216,2253988,2261950,772,827,55,0,0,0
2254937,c2b2547d-ac3c-ebe3-7c35-b2747a57772b,64,2251765,2251765,2254937,2259700,3172,3172,0,0,0,0
2257307,666bd0ee-b257-4bf7-2439-680010c69c57,64,2257065,2257065,2257307,2260004,242,242,0,0,0,0
2258346,99e95433-1453-e17e-711e-be6f68ffae17,64,2257005,2257005,2258346,2259104,1341,1341,0,0,0,0
2259262,420079f5-1dc3-c26e-7b62-659e0700749a,64,2257354,2257367,2259262,2263364,1895,1908,13,0,0,0
2259849,fa11f0e7-566d-56e8-1c86-cf6f0285ede1,32,2259565,2259565,2259849,2260705,284,284,0,0,0,0
2262773,99f75c76-2bcf-d03f-73e9-b99b1fc489b3,64,2262543,2262543,2262773,2264365,230,230,0,0,0,0
2262967,750acc98-2cbf-b769-c6a1-a468afb3e3ad,32,2262652,2262652,2262967,2263977,315,315,0,0,0,0
2263497,cab285dc-85b7-b774-3608-937418caa0a9,64,2262820,2262833,2263497,2264015,664,677,13,0,0,0
2265300,b9163357-4b1b-df3b-e217-a6df21939b93,64,2263008,2263027,2265300,2270774,2273,2292,19,0,0,0
2265583,a542deb9-2cff-45f8-1bdc-74a98d3a5d76,64,2262842,2262893,2265583,2268089,2690,2741,51,0,0,0
2267534,c04446bf-d9f4-8bbd-0dec-644cda2d2156,64,2267061,2267061,2267534,2268109,473,473,0,0,0,0
2267594,e9b89caf-8a93-0d39-c13d-3c538cda74ec,32,2266688,2266688,2267568,2269565,880,880,0,0,0,0
2267962,82f2a59e-2bb7-f146-3d9d-542aa84fa67f,64,2266858,2266858,2267962,2272562,1104,1104,0,0,0,0
2268176,7f297630-bbca-a210-2fe6-1a89d059b594,64,2266975,2266975,2268176,2271797,1201,1201,0,0,0,0
2268862,a5b09024-a12a-d119-86fb-bcdb7ecd7062,64,2268660,2268660,2268862,2271974,202,202,0,0,0,0
2269116,5a19d7ab-73e0-467e-87e8-1b25a9715404,64,2268560,2268560,2269116,2270479,556,556,0,0,0,0
2269383,e3fb8c1d-7841-b3dd-9034-4c867d14190d,64,2268983,2269042,2269365,2273367,323,382,59,0,0,0
2269599,4f7f963e-d3c5-44a3-cc0b-200d3edec38e,64,2268939,2268982,2269565,2272222,583,626,43,0,0,0
2269659,3457c8d7-5236-64ef-8d8b-10518af35cd2,32,2268921,2268922,2269602,2271224,680,681,1,0,0,0
2269937,57cc6c2a-b61c-07e8-5c58-a3bea1ac78c9,64,2269507,2269539,2269937,2271653,398,430,32,0,0,0
2270218,def3306a-f998-63f2-7799-fddb79e546e7,64,2269608,2269659,2270198,2272795,539,590,51,0,0,0
2270398,8bc85d37-09cc-cf1a-5c38-7c2a1243e838,64,2269950,2269997,2270344,2272521,347,394,47,0,0,0
2270746,f42323d9-11ea-8815-7ddc-44f5deaf9631,64,2270372,2270398,2270713,2272209,315,341,26,0,0,0
2270806,cfc91b52-4aff-a0a0-0f4e-2726b9dd378e,64,2270319,2270338,2270765,2273221,427,446,19,0,0,0
2270806,de1d4653-d112-8bb8-e7b2-df91adbd2e33,64,2269567,2269599,2270783,2272333,1184,1216,32,0,0,0
2270866,88baef4a-a8be-8d1f-4b1c-0df3c865b35c,64,2269497,2269539,2270838,2273132,1299,1341,42,0,0,0
2271403,55525e11-b469-3821-c7ca-7ddc171acd35,64,2270098,2270218,2271403,2273781,1185,1305,120,0,0,0
2271510,c8ecb641-9267-8e10-e050-df248522496a,64,2269642,2269659,2271510,2274021,1851,1868,17,0,0,0
2271570,0e18ab96-25f4-1dd6-2f51-ac6e0c85f154,64,2270418,2270458,2271546,2273343,1088,1128,40,0,0,0
2271654,600fc79c-fbce-7087-56d2-b14d07faf6f7,64,2269479,2269479,2271654,2274739,2175,2175,0,0,0,0
2272053,edd32be9-2905-2dd7-077b-1426b73c62ab,64,2270264,2271403,2272016,2274422,613,1752,1139,0,0,0
2272113,67e54646-8430-f0fa-390f-ecf5e8410a39,64,2270686,2271510,2272102,2274440,592,1416,824,0,0,0
2272173,946a95a6-f2e4-01af-4702-1755f11cc0a4,64,2253958,2253969,2272148,2267406,18179,18190,11,0,0,0
2272423,ffbb4bcc-a5cb-bf6f-3d33-31644bb8ebe2,64,2269950,2269997,2272423,2273223,2426,2473,47,0,0,0
2272483,0803ad31-4e1e-2f3d-a910-22b80d60e364,64,2270418,2272053,2272474,2274944,421,2056,1635,0,0,0
2272720,a6ef8273-6f77-4027-e656-cfbc8ed2de16,64,2270287,2272173,2272716,2275139,543,2429,1886,0,0,0
2272720,c75f41dc-9a6a-abb1-5cda-038513eb4358,64,2270386,2272483,2272716,2275525,233,2330,2097,0,0,0
2272840,39f18027-6f88-e2c0-b968-ab06b0067b61,64,2269782,2269937,2272813,2274358,2876,3031,155,0,0,0
2272949,8a08d40e-a239-5ad5-af1f-798c13fd2d26,64,2272085,2272113,2272949,2273893,836,864,28,0,0,0
2273218,d49cc547-c371-2e42-0378-25dad399956c,64,2269938,2272423,2273218,2275415,795,3280,2485,0,0,0
2273278,2ac38bd3-1afc-388c-81de-c9db0abe8257,64,2269328,2269383,2273262,2275891,3879,3934,55,0,0,0
2273338,3e5f7e23-704c-19e2-2a3d-d7698dac210d,64,2269042,2269042,2273296,2275770,4254,4254,0,0,0,0
2273405,e9058f29-731d-a6ec-6303-2bd49db564b5,64,2257358,2257367,2273405,2273584,16038,16047,9,0,0,0
2273465,d4fecf58-a1f8-75a4-8a4b-455957765dc6,64,2270132,2272949,2273453,2275998,504,3321,2817,0,0,0
2273665,676cf539-c9be-f3d7-2b1b-0f5260ae9b09,64,2269323,2269323,2273665,2275715,4342,4342,0,0,0,0
2273877,75863743-9174-dc0b-eeb7-4413454f3fbf,64,2270577,2271654,2273860,2274800,2206,3283,1077,0,0,0
2274476,c316959c-ce64-debe-20e7-118acf8da52b,64,2273757,2273757,2274476,2275685,719,719,0,0,0,0
2274476,02b3c948-4db6-f475-27dd-1ac44282b6e4,64,2273784,2273817,2274476,2277165,659,692,33,0,0,0
2274781,ab707385-6c81-4f55-9906-d534438f9d83,64,2270274,2273218,2274781,2276248,1563,4507,2944,0,0,0
2275101,85713253-9956-ad9b-3dc8-7f792843d696,64,2270537,2273278,2275101,2276334,1823,4564,2741,0,0,0
2275398,302b0401-efed-098b-979a-7368bd96bb0a,64,2273874,2273877,2275398,2276608,1521,1524,3,0,0,0
2275531,737cf8b5-6356-1add-685a-9f2b4236c0bf,64,2232919,2240405,2275531,2287870,35126,42612,7486,0,0,0
2276289,5b6d6b7c-54b2-a582-f398-1e9e7cb882a0,64,2275696,2275696,2276289,2278898,593,593,0,0,0,0
2277240,226f93e7-9e5f-992d-39c2-92597310453d,64,2275827,2275827,2277240,2278854,1413,1413,0,0,0,0
2277300,73a44f97-e6fa-a03b-2c85-ef207db8aa1c,64,2277040,2277040,2277296,2279740,256,256,0,0,0,0
2278152,aa8fb624-4f2f-feb3-d8dd-0b26fc0ea898,64,2272196,2273405,2278152,2285267,4747,5956,1209,0,0,0
2278222,e6ef3a0b-dd1e-4932-b5cd-dc34920ee451,64,2276653,2276653,2278222,2278731,1569,1569,0,0,0,0
2278282,a72bdddd-511e-eeb8-5040-5c433a6c7da6,64,2277410,2277410,2278251,2280891,841,841,0,0,0,0
2278345,37663e35-cdba-2cac-7e85-f617f17e993d,64,2276748,2276748,2278345,2278632,1597,1597,0,0,0,0
2278405,6c5540f0-cc9c-f41c-8696-99010ddca788,64,2276909,2276909,2278357,2281639,1448,1448,0,0,0,0
2279100,e17f5e53-2260-7be8-78ca-903b1c6c8382,64,2276834,2276834,2279100,2279656,2266,2266,0,0,0,0
2279779,02fea0e2-41a7-22d6-095f-a84518cb913a,64,2272042,2273338,2279779,2283036,6441,7737,1296,0,0,0
2280589,6a429bd5-cd71-82b4-d471-104f1859c5ae,64,2272800,2275398,2280562,2289231,5164,7762,2598,0,0,0
2280926,393f8079-8e15-6734-25e1-7dadd2f62f9d,64,2271933,2279100,2280926,2289782,1826,8993,7167,0,0,0
2282190,244700ca-31e3-860a-82ca-a526ffa0a1af,64,2279672,2279672,2282190,2282882,2518,2518,0,0,0,0
2282687,c7ed8888-5939-dc71-c0d9-863f66bcf6f0,64,2272290,2280926,2282687,2292523,1761,10397,8636,0,0,0
2284315,bbae2fbd-bc99-a291-d342-98bebe2a85c6,64,2271989,2275101,2284315,2289214,9214,12326,3112,0,0,0
2286099,4f489f45-92b4-002c-7b2e-60e16ae63480,64,2272660,2284315,2286099,2294770,1784,13439,11655,0,0,0
2286323,634d7549-9d9a-70e1-81ef-688b7fc0922e,64,2271987,2282687,2286323,2294707,3636,14336,10700,0,0,0
2286454,b95175be-5c89-158a-16b4-4b0c576bd523,64,2272562,2273465,2286454,2287112,12989,13892,903,0,0,0
2286737,dbd34a94-8a99-6027-a085-0656a22646f5,64,2271982,2282190,2286737,2293889,4547,14755,10208,0,0,0
2287600,07fbb920-dd9d-2e4d-483e-dd69dc7abd16,64,2272709,2274781,2287600,2288514,12819,14891,2072,0,0,0
2287862,62d846d0-5ea0-11cd-6d79-d8bfda92e740,64,2233333,2240471,2287862,2289478,47391,54529,7138,0,0,0
2288218,46cbeb60-37d7-bd4a-f718-a6ad2209cd5f,64,2271991,2280589,2288218,2290444,7629,16227,8598,0,0,0
2289718,21e10ae8-5795-bee7-b510-561a683def14,64,2272227,2286099,2289718,2295502,3619,17491,13872,0,0,0
2289778,3fa27ffd-3180-c811-9767-10d764188dde,64,2272772,2286737,2289760,2298005,3023,16988,13965,0,0,0
2290979,0bb9c606-5320-86af-3eb0-b8d1e3e7e32d,64,2272044,2286454,2290979,2296533,4525,18935,14410,0,0,0
2291039,946b4482-97bb-9fbf-71df-c82cb8addf54,64,2280769,2287862,2291037,2301924,3175,10268,7093,0,0,0
2292689,b8875caf-1991-103f-d06e-ccbc3a8359b6,64,2272041,2286323,2292689,2296217,6366,20648,14282,0,0,0
2296423,c0cffa73-35b5-0ec5-b3ed-8f33f587d26d,64,2283611,2289718,2296423,2309181,6705,12812,6107,0,0,0
2300164,ba65983d-fa33-fa98-63f2-0557a2e2d1ca,64,2297876,2297885,2300164,2312732,2279,2288,9,0,0,0
2301120,062667fc-cedc-f5bf-6e94-34ab7adf1458,32,2297737,2297737,2301120,2312560,3383,3383,0,0,0,0
2302612,b78bf29d-0ccc-b5c6-35d0-ea433baada26,64,2297825,2297825,2302612,2313339,4787,4787,0,0,0,0
2303765,3b759faa-18ce-58d1-c5e3-be15f1dc5270,64,2303285,2303285,2303765,2306718,480,480,0,0,0,0
2303825,92811c92-984f-e323-b329-2925b107094e,32,2303615,2303665,2303808,2304243,143,193,50,0,0,0
2303885,da948cdf-6637-3dc7-91f4-48bb28802cff,64,2303500,2303500,2303877,2305612,377,377,0,0,0,0
2303885,a25291f3-730b-c657-b4cb-46131d39e9c2,64,2303605,2303605,2303879,2305104,274,274,0,0,0,0
2303945,cd14eacb-7da8-0631-4c6d-8ddd1edfc59e,64,2303821,2303825,2303935,2304386,110,114,4,0,0,0
2304086,38ace486-7eb6-c0a9-95f5-f2ac3e247c2b,32,2303909,2303945,2304086,2304568,141,177,36,0,0,0
2304201,9bafcc20-0e16-af3f-538c-c0ca17acd7e9,64,2303884,2303885,2304201,2304610,316,317,1,0,0,0
2304261,aed690cc-037f-5347-ab40-256118cd99c9,64,2304003,2304005,2304211,2305375,206,208,2,0,0,0
2304633,ee1eedbf-4634-0607-f260-a3ed02dec88f,64,2304207,2304261,2304633,2306697,372,426,54,0,0,0
2305057,ab132032-b2e1-9f66-b1f0-2ea8242f5829,64,2304783,2304783,2305057,2305842,274,274,0,0,0,0
2306782,4684833e-19dd-3b90-8839-c8e410db5fdc,64,2306556,2306601,2306782,2310295,181,226,45,0,0,0
2307222,c7101f3d-a1aa-19f0-a26c-2d5a742617e7,64,2242293,2244938,2307222,2332747,62284,64929,2645,0,0,0
2307662,1c405045-4a22-eae9-22f9-cafe2eb23ca3,64,2306541,2306541,2307662,2313315,1121,1121,0,0,0,0
2307801,60920068-c403-b430-631a-9c3c0d591303,32,2297672,2297672,2307801,2340270,10129,10129,0,0,0,0
2308044,41afeb2a-62c8-c3f4-1d06-149ef1eab64a,64,2307937,2307984,2308030,2308372,46,93,47,0,0,0
2308224,94a64978-a64f-cefb-e8ca-0bd26504f7a9,64,2307987,2308044,2308165,2308402,121,178,57,0,0,0
2308224,52e6ef74-150b-d1d8-f882-c32691f28485,64,2308038,2308044,2308182,2308862,138,144,6,0,0,0
2308284,edb68b81-cec6-8cfe-a3fd-17f02ae63af6,64,2307880,2307924,2308253,2309179,329,373,44,0,0,0
2308284,ffc19ef6-a61f-135f-7fc7-06f0b30672dc,64,2283035,2287600,2308255,2301651,20655,25220,4565,0,0,0
2308532,fa82f65d-6e1b-abe2-ca20-8c075c8aca1b,64,2307945,2307984,2308532,2308652,548,587,39,0,0,0
2308592,4c71b0d5-bf4d-493d-bc57-003e91f91586,64,2308038,2308044,2308572,2310644,528,534,6,0,0,0
2308687,a43366c9-7d3d-6b72-1f3e-c5721527b2ac,64,2308103,2308224,2308687,2310742,463,584,121,0,0,0
2308847,cd4f2875-df2d-df20-05a4-3113101d759e,64,2308051,2308224,2308847,2311586,623,796,173,0,0,0
2309424,430438b5-32c1-92f1-7661-7a3bf9606ca3,64,2308077,2308592,2309424,2319650,832,1347,515,0,0,0
2310650,9b02c535-2649-a478-d396-6f0a6b77af9e,64,2308038,2308284,2310650,2318591,2366,2612,246,0,0,0
2311108,f2d058ca-7b2e-329d-9f80-bd12299606d2,64,2283261,2288218,2311071,2308307,22853,27810,4957,0,0,0
2311375,206faddb-1a31-c87e-904c-01a1434fe133,64,2308132,2308532,2311375,2319380,2843,3243,400,0,0,0
2311435,a46b6fce-e78d-147c-3d87-703472173fa3,32,2311048,2311048,2311404,2312766,356,356,0,0,0,0
2311768,21f3eb6f-3298-d758-3585-ac00d3c874bd,64,2311648,2311648,2311748,2312254,100,100,0,0,0,0
2311828,79dd7b95-1558-cc6d-7120-3b7a1dcccf24,64,2311542,2311542,2311795,2312621,253,253,0,0,0,0
2311888,c2d031ad-1bc6-229e-42f1-9c7b91f29ea4,64,2311793,2311828,2311883,2312905,55,90,35,0,0,0
2311948,e606d7c2-1e18-046d-2e42-1840a05f36c8,64,2311747,2311768,2311903,2312901,135,156,21,0,0,0
2312008,476a3991-aebe-f7a2-8521-e25e96fbcb7e,64,2311704,2311708,2311973,2312592,265,269,4,0,0,0
2312068,2fd6129a-82e0-9d39-bab0-08df2709f5b2,64,2311894,2311948,2312012,2312438,64,118,54,0,0,0
2312068,fef97d57-3c77-ea4a-4d65-4036a00f230b,64,2311715,2311768,2312055,2312522,287,340,53,0,0,0
2312129,27571245-b884-5902-8897-3a4a33b636dc,64,2311227,2311227,2312129,2314631,902,902,0,0,0,0
2312400,57522610-482a-68ff-8796-45b8212232df,64,2311772,2311828,2312400,2313120,572,628,56,0,0,0
2312593,f5946de4-ad9e-392f-9b02-7f54ae5b4ff8,64,2312015,2312068,2312593,2313337,525,578,53,0,0,0
2313325,ef5e4a66-4fc9-4cd0-ef2a-dff8cea4f9c4,64,2311953,2312008,2313325,2312984,1317,1372,55,0,0,0
2313385,5b951652-c11e-a16b-a6d6-2330f5b19be4,64,2308024,2308284,2313372,2315965,5088,5348,260,0,0,0
2313773,a54680ad-8107-75f3-ea0c-e0e1cb70c67b,64,2273866,2291039,2313773,2333029,22734,39907,17173,0,0,0
2313901,82330e6e-b89c-96e9-5d39-b50542696d14,64,2313496,2313505,2313901,2314319,396,405,9,0,0,0
2314186,3bd13a43-8853-490b-ec26-4a0cc09f1c91,64,2313136,2313136,2314186,2317087,1050,1050,0,0,0,0
2314246,291c9094-cb2c-0efb-c4c3-b30d435f59e6,64,2313384,2313385,2314200,2316947,815,816,1,0,0,0
2314414,5e7e2813-a967-3fe1-7fce-e629ea8e55a5,64,2313979,2313979,2314414,2315797,435,435,0,0,0,0
2314644,305a1bef-6909-03c4-6b13-b71df96846e7,64,2314435,2314474,2314608,2315207,134,173,39,0,0,0
2314704,f7f3dc54-27a0-b911-afd2-9b721c13a1e7,64,2314584,2314584,2314665,2315773,81,81,0,0,0,0
2314991,855c0a97-9640-5fcd-bf76-14495cf85eeb,64,2313440,2313445,2314991,2318150,1546,1551,5,0,0,0
2315611,75566ff1-b91a-ce28-e1e6-8d3577c8c297,64,2314243,2314246,2315611,2319139,1365,1368,3,0,0,0
2316126,833334f6-6a6a-0149-0b44-676d2ac39be9,64,2315689,2315689,2316126,2318479,437,437,0,0,0,0
2317569,f3b93ebe-7849-83ff-97ca-eef5b8a4c19f,32,2315355,2315355,2317569,2322992,2214,2214,0,0,0,0
2318431,4251d2f0-20a8-9260-97a1-a2f67a139e90,64,2307864,2307864,2318431,2336441,10567,10567,0,0,0,0
2321376,2296d3f6-2005-dd7e-166f-419a4d7ae829,64,2280432,2296423,2321376,2389936,24953,40944,15991,0,0,0
2321436,1ce62a9f-79af-8348-10bb-c60d07bf63ee,64,2319508,2319508,2321379,2325750,1871,1871,0,0,0,0
2322076,a06a7de4-9755-828f-5147-c3ba2f875748,64,2119229,2119229,2322076,2330518,202847,202847,0,0,0,0
2322136,290fb2bd-f458-5d04-0476-fc349dc59ddb,64,2320855,2320855,2322103,2323392,1248,1248,0,0,0,0
2332372,0ec5bad7-b24a-e6e3-5e41-1475b040d75a,64,2280529,2292689,2332372,2374689,39683,51843,12160,0,0,0
2336646,e5a5788e-2b80-d1ed-ca1f-783a31372ca1,64,1560882,1744470,2336646,2262743,592176,775764,183588,0,0,0
2353678,c572aa5b-51d4-1f72-6c77-8135fad76ab7,64,2348162,2348162,2353678,2376821,5516,5516,0,0,0,0
2353895,592c6a0e-14d4-9d3a-cb40-fcdd9cd2da08,64,2351260,2351302,2353858,2368957,2556,2598,42,0,0,0
2353895,1c2b498f-054d-a360-624d-347360bc6cbc,64,2351246,2351302,2353894,2376739,2592,2648,56,0,0,0
2357462,4c6f9a45-8192-ef8f-1fed-7603fadc9704,32,2351242,2351242,2357462,2378244,6220,6220,0,0,0,0
2358639,3e20718a-0bb9-a8f6-9e4d-a214eb034c4e,64,2351244,2351302,2358639,2379742,7337,7395,58,0,0,0
2359889,f486a251-1414-f827-a632-c350ff712ff4,32,2351245,2353895,2359889,2382439,5994,8644,2650,0,0,0
2360031,23226464-ad6d-84ef-d4d9-a0ae055fd8d1,64,2350084,2350084,2360031,2373636,9947,9947,0,0,0,0
2360952,df42eabd-604f-3c8d-961a-9968230a37e5,64,2351245,2357462,2360952,2385149,3490,9707,6217,0,0,0
2363080,ed56c714-5a96-21f5-9f8c-eda5feb9ea24,64,2351244,2353678,2363080,2380576,9402,11836,2434,0,0,0
2365375,b011b125-0221-11e5-88fc-3da1781d5b6c,64,2358257,2358257,2365375,2363423,7118,7118,0,0,0,0
2366166,025c9425-c557-13d3-09d7-cc9c6af98a8b,64,2363867,2363870,2366166,2377007,2296,2299,3,0,0,0
2366619,209595a4-602c-f604-13d7-54d6b30269aa,64,2347347,2347347,2366619,2384542,19272,19272,0,0,0,0
2367915,dd43b0cf-54d0-9314-b0ca-b2497b417aed,64,2363867,2363870,2367915,2378969,4045,4048,3,0,0,0
2368835,c2ce56bd-8301-b3a6-849b-50bc05e5d461,32,2363882,2363930,2368835,2377896,4905,4953,48,0,0,0
2369174,425ca2e3-8682-d62f-a8ae-013ac6807bb4,32,2362557,2362557,2369120,2380946,6563,6563,0,0,0,0
2370183,1a354475-8399-7ac5-8f43-a2509f795228,64,2351245,2351302,2370183,2378282,18881,18938,57,0,0,0
2370720,3b8ede31-e614-15dd-5251-d645cb94cf8d,64,2351245,2351302,2370720,2376907,19418,19475,57,0,0,0
2371499,78dc340b-4051-391c-9ac1-ad6984f612df,64,2363654,2363654,2371499,2379664,7845,7845,0,0,0,0
2371820,59875c7d-0151-ccb0-1b6f-1a9e5a98b715,64,2362866,2362866,2371790,2374812,8924,8924,0,0,0,0
2372383,8aad970f-3401-0fe9-621e-1d14d33b05e6,64,2362490,2362490,2372383,2388487,9893,9893,0,0,0,0
2372973,56db638a-097b-a119-0433-fd20feeef3e1,64,2369114,2369114,2372973,2374395,3859,3859,0,0,0,0
2373597,9fb886b2-a662-cb92-4748-ffb3d0a96757,64,2370539,2370539,2373597,2374801,3058,3058,0,0,0,0
2374608,f714bab7-6ef5-9d48-e98f-8c8ad63c04c0,64,2363454,2363454,2374608,2389339,11154,11154,0,0,0,0
2375433,c5798f5d-9690-40b0-5182-88dd16965a15,64,2363685,2363714,2375433,2386820,11719,11748,29,0,0,0
2376064,3ea426b8-3f7b-16ec-85df-f8e291136499,64,2369471,2369471,2376064,2372686,6593,6593,0,0,0,0
2376851,e79524eb-84fa-3889-f21f-9823f23b1efb,64,2361569,2361569,2376851,2391344,15282,15282,0,0,0,0
2377694,b703fa9f-e15c-1c37-e4ab-9bae5aca08f9,64,2371760,2371760,2377694,2376912,5934,5934,0,0,0,0
2378062,6c5ccba7-b55d-2fc1-622c-c212b69d2f48,64,2363810,2367915,2378062,2388253,10147,14252,4105,0,0,0
2378943,49a5fd0d-e487-1ab3-aa79-4de7a7604977,64,2361576,2376064,2378943,2394177,2879,17367,14488,0,0,0
2380768,e1d5c0dc-3ea5-85a9-01ae-c50599a04abb,32,2362687,2378062,2380768,2395945,2706,18081,15375,0,0,0
2380828,9fb30a4d-c071-2a38-bffc-4f097f1464b3,64,2378659,2378659,2380777,2384529,2118,2118,0,0,0,0
2380984,eba332b1-f36c-1c45-a942-b4d7bd2dffff,32,2363956,2376064,2380984,2394010,4920,17028,12108,0,0,0
2381693,060615bf-d1b5-1519-c44f-376a4bd01f7a,64,2381400,2381424,2381693,2381974,269,293,24,0,0,0
2381862,8dd7e052-44e7-a702-04c4-7757e2db1ce3,64,2362677,2375433,2381862,2392388,6429,19185,12756,0,0,0
2383257,a81d0ecf-c27f-f69e-febe-a834bfffd800,64,2382777,2382777,2383257,2383549,480,480,0,0,0,0
2383846,622c636f-e713-f930-5395-8e5cedd0ce02,64,2351243,2360952,2383846,2394696,22894,32603,9709,0,0,0
2384741,4bbb2e9a-8af5-3d42-c576-7c743ffb9577,64,2362740,2381862,2384741,2397008,2879,22001,19122,0,0,0
2385327,e7775ef5-9ab9-ae1b-1d93-c7bd4c66b4ed,64,2353837,2377694,2385327,2395274,7633,31490,23857,0,0,0
2387109,75e8abfe-6af0-1106-e235-09a86bcfdfa4,64,2355678,2360031,2387109,2390034,27078,31431,4353,0,0,0
2392376,acef45c4-de37-90fb-9db9-4eee1a3c2131,64,2354344,2384741,2392376,2400049,7635,38032,30397,0,0,0
2396849,2df8d4a8-3fc7-4cb8-6a40-e5cc2cd51392,64,2354351,2380768,2396849,2396363,16081,42498,26417,0,0,0
2397269,a5d83148-0deb-083b-76ba-45725c667438,64,2372180,2374608,2397269,2391645,22661,25089,2428,0,0,0
2403474,642830f3-3e12-0f2b-fa74-ed0bf36ee0b7,64,2353851,2387109,2403474,2402524,16365,49623,33258,0,0,0
2407673,ef5e0d74-fe2e-7c0f-1c68-a6142644b6f9,64,2320923,2320923,2407673,2368783,86750,86750,0,0,0,0
2408847,ab7d09b2-7d01-d706-58cc-49bb12581998,64,2353846,2392376,2408847,2402766,16471,55001,38530,0,0,0
2411852,1d4ff1c8-618e-72a7-8d34-dd8374629fb5,64,2353854,2380828,2411852,2396652,31024,57998,26974,0,0,0
2412544,cd853347-3457-9c7f-af5d-b99c85f3cb12,64,2354347,2383846,2412544,2398498,28698,58197,29499,0,0,0
2413025,10b7de33-d627-224e-4f5a-f64ef21b7a7f,64,2353843,2396849,2413025,2409321,16176,59182,43006,0,0,0
2413681,b1b2b5f8-8b66-1d1f-579a-7954c98e3f5b,64,2411319,2411346,2413681,2414567,2335,2362,27,0,0,0
2413741,00ebf725-2f1e-f8dc-34f9-02b74580a4ae,64,2413264,2413264,2413710,2415529,446,446,0,0,0,0
2413936,2a983090-831f-d302-29fd-9b08074f6459,64,2413356,2413356,2413936,2413847,580,580,0,0,0,0
2414168,928b1e4b-4c47-2ded-72e0-6bb41fef9a77,64,2413047,2413085,2414168,2416551,1083,1121,38,0,0,0
2414625,7b6fb65b-8d70-600f-04a1-dd66bce88f22,64,2411141,2412544,2414625,2418953,2081,3484,1403,0,0,0
2414810,9a0f09e9-eb8b-8c11-1fb0-ef34c8497436,64,2414396,2414396,2414810,2417352,414,414,0,0,0,0
2414898,3217f93c-ac60-82a4-385f-a73df17316d5,64,2411141,2411164,2414898,2418185,3734,3757,23,0,0,0
2416285,e3dc8702-5033-14b1-609c-f7af0889360f,64,2411137,2414898,2416285,2420118,1387,5148,3761,0,0,0
2416345,1eb46d3b-d841-26ac-eb4f-9efbb4d1880b,64,2411128,2413025,2416286,2419408,3261,5158,1897,0,0,0
2417138,cf674365-a4c1-c966-a682-c0fb159e9c9f,64,2416785,2416785,2417123,2417452,338,338,0,0,0,0
2417232,929daf9f-0149-a2af-0ab1-a5041f8c56e0,64,2411129,2416285,2417232,2420255,947,6103,5156,0,0,0
2417460,38f1f1ab-cb17-0945-be88-f8e4143dbd6c,64,2417078,2417078,2417427,2417875,349,349,0,0,0,0
2417580,28815cd9-8821-9541-1cc1-fb5ec7d4a10f,64,2417400,2417400,2417578,2419181,178,178,0,0,0,0
2418154,65e92e49-b26c-8876-58fa-e8c71d10b6f6,64,2417468,2417520,2418154,2419929,634,686,52,0,0,0
2418695,111ac671-f593-1884-980f-65609cf540d9,32,2418368,2418405,2418695,2420413,290,327,37,0,0,0
2418922,43651cb8-329d-cf9e-f964-8a0f2d0490a7,64,2418626,2418626,2418869,2419751,243,243,0,0,0,0
2419834,d900b745-311d-2ed4-463a-5bb6c841b6a8,64,2411127,2416345,2419834,2420778,3489,8707,5218,0,0,0
2420048,706ad042-ae6b-0455-9cdd-d7c2d25a0b3f,64,2411143,2414810,2420048,2419904,5238,8905,3667,0,0,0
2420239,8974e16a-2ef0-963c-1106-2a357d10bf9f,64,2418802,2418922,2420239,2420831,1317,1437,120,0,0,0
2420472,d59f2b69-79a8-832f-6097-1a15c80682d3,64,2411129,2414168,2420472,2419806,6304,9343,3039,0,0,0
2421609,bef6a59a-c186-a221-1030-56b79e4c24dd,64,2416975,2420239,2421596,2421325,1357,4621,3264,0,0,0
2422669,35c0c003-d2cb-03eb-fd52-3fad3fbefe33,64,2418345,2421609,2422669,2421767,1060,4324,3264,0,0,0
2423054,c58b6161-1a44-cb3b-8634-a7cd4fa83870,64,2421300,2422669,2423054,2421918,385,1754,1369,0,0,0
2423264,35eaede0-ea83-a56b-fd8c-93df41515f1e,64,2411034,2411044,2423264,2420832,12220,12230,10,0,0,0
2423737,49694032-5808-d790-22e4-9628d913057d,64,2411127,2420048,2423737,2421209,3689,12610,8921,0,0,0
2424361,031d45fc-c9c0-1379-829c-34f70f5bc40c,64,2420821,2423737,2424361,2422233,624,3540,2916,0,0,0
2425480,d4c2459b-bfac-0af7-7e28-40a17a506f60,64,2411141,2423054,2425480,2422079,2426,14339,11913,0,0,0
2425922,9fea97cc-3086-2fe3-a075-13728fe2c74f,64,2280705,2307662,2425922,2411437,118260,145217,26957,0,0,0
2427269,a395b867-7397-d1a1-f641-940591cbbc49,32,2411129,2424361,2427269,2422713,2908,16140,13232,0,0,0
2427974,14eae37c-67b2-916c-461e-a8aa11baf616,64,2411227,2420472,2427974,2421426,7502,16747,9245,0,0,0
2428136,146b9fbc-667c-f788-5887-f3d2c0f1fa3a,64,2411237,2425922,2428136,2423298,2214,16899,14685,0,0,0
2428659,b33aa6b9-7a23-9f3c-c1f6-028b4a0efbe5,64,2411236,2423264,2428659,2422112,5395,17423,12028,0,0,0
2428994,6f6335bf-6ecf-aab4-7fc7-6f6ab9465130,32,2421549,2428659,2428994,2423585,335,7445,7110,0,0,0
2429398,7f3dcbf9-a0a5-1b74-2ed5-a161ebfce2d6,64,2411226,2424361,2429398,2423084,5037,18172,13135,0,0,0
2429891,63265564-0175-105a-3fc1-428a7c7ab691,64,2422175,2429398,2429891,2423632,493,7716,7223,0,0,0
2430031,a1ab975e-54a2-315d-bdfb-0259d07b3c55,64,2411137,2425480,2429998,2423269,4518,18861,14343,0,0,0
2430131,a76090e7-7c73-a166-02f7-79797466b319,64,2411046,2428136,2430131,2423396,1995,19085,17090,0,0,0
2431300,a9d52401-41e1-008c-8bb3-fbb2fd6314f2,64,2411131,2429891,2431300,2423879,1409,20169,18760,0,0,0
2431367,be9e01a9-d18c-7fde-2445-8bad2f4f914c,64,2411040,2427974,2431367,2423388,3393,20327,16934,0,0,0
2432474,eaacabb4-3802-485f-214b-a540ea041d0b,64,2419875,2431300,2432474,2424674,1174,12599,11425,0,0,0
2432534,c67a56e3-06fe-8fcf-c7b1-326502f39ad2,64,2424664,2432474,2432533,2425221,59,7869,7810,0,0,0
2432947,89131a4a-c5c6-5d8a-6022-7afc4ba82162,64,2411136,2430031,2432947,2424409,2916,21811,18895,0,0,0
2433051,938f2b90-6c08-7d6c-04de-78f8873f3f03,64,2424202,2432947,2433051,2425629,104,8849,8745,0,0,0
2434753,e054dba1-8f4e-a920-9df2-055436ba4892,64,2411137,2428659,2434753,2423627,6094,23616,17522,0,0,0
2434867,2c649adf-a998-c8e1-3612-41be8b8ce7be,64,2411227,2431367,2434867,2425012,3500,23640,20140,0,0,0
2436790,b7a745e2-e327-119f-d895-cceaafe2ff5c,64,2353836,2407673,2436790,2416262,29117,82954,53837,0,0,0
2436850,440dd09f-c2e8-bfc2-f649-6cdefca54576,64,2418396,2434753,2436839,2426300,2086,18443,16357,0,0,0
2437005,73131038-b2df-b075-1b8f-abe952377d88,64,2411025,2434867,2437005,2426327,2138,25980,23842,0,0,0
2437176,da7f624b-5716-1640-07a0-424659f43595,64,2353836,2385327,2437176,2400358,51849,83340,31491,0,0,0
2437902,e16c77ac-e69b-f25c-28e9-772b8fd7dced,64,2411247,2430131,2437902,2424487,7771,26655,18884,0,0,0
2438089,1812362f-c076-f92d-73a4-69a556f7e6bb,64,2424215,2436850,2438089,2426629,1239,13874,12635,0,0,0
2438202,145d2f7e-f057-712b-945e-b87f0eff6a6b,64,2353848,2403474,2438202,2413882,34728,84354,49626,0,0,0
2438262,3427e466-17f4-b85d-597f-aaf01fa7cddf,64,2426660,2438089,2438245,2427732,156,11585,11429,0,0,0
2438322,abf2b369-5d0a-06d3-e592-ee7c683199c6,64,2421699,2437902,2438303,2427315,401,16604,16203,0,0,0
2438603,f1bb5d9b-7499-bb6b-9afd-d46442e6918c,64,2426705,2438202,2438603,2427820,401,11898,11497,0,0,0
2438724,1f09bd6b-bba8-e166-89f9-c43e6b074c79,32,2411026,2434753,2438724,2426273,3971,27698,23727,0,0,0
2441364,4f842010-a48f-c1f1-1be4-0ba9902ad019,64,2411130,2436790,2441364,2426356,4574,30234,25660,0,0,0
2442083,5d87edd2-1735-f36b-a5a6-ab3af5757b77,64,2411127,2433051,2442083,2425961,9032,30956,21924,0,0,0
2442241,a8c12f22-78ea-904d-9b6b-09920d2a9d7a,64,2427826,2442083,2442241,2428768,158,14415,14257,0,0,0
2442301,37bea260-c053-f253-5a1e-490d6894844f,64,2425962,2441364,2442283,2428689,919,16321,15402,0,0,0
2442361,4fa87a65-00d3-5021-f0eb-453ed67df90d,64,2411226,2437176,2442307,2427061,5131,31081,25950,0,0,0
2442421,0979f5d3-4a70-3330-ffc0-31368de6e6b3,64,2353841,2408847,2442393,2426939,33546,88552,55006,0,0,0
2443576,d685b08b-61aa-189d-0a7d-1de0fceae86b,64,2411235,2438322,2443576,2428470,5254,32341,27087,0,0,0
2444466,b37bdb99-31f1-8f8b-ec4d-e885b245b7d9,64,2411133,2443576,2444466,2429275,890,33333,32443,0,0,0
2445257,c3f9c78c-af70-4164-bf16-44542685602c,64,2411032,2432534,2445257,2425375,12723,34225,21502,0,0,0
2445810,562e121f-e5fa-855d-d320-8f77e5bdbb3e,64,2411047,2442301,2445810,2429138,3509,34763,31254,0,0,0
2445928,b285d65b-bf6b-8493-961b-53afc601b22f,64,2411227,2442421,2445928,2429274,3507,34701,31194,0,0,0
2446564,17c95aaa-21bd-55eb-915a-a3c07737cfb5,64,2411232,2442361,2446564,2429250,4203,35332,31129,0,0,0
2447447,b7900752-7bfd-ec74-6441-e11e3ee1db8e,64,2354354,2438603,2447447,2428506,8844,93093,84249,0,0,0
2447582,3466b8f9-e1e3-e199-5f1f-05c37717a7cb,64,2429971,2447447,2447582,2431128,135,17611,17476,0,0,0
2447930,65339cf0-7ce4-770e-32b7-3d808f2e08d3,64,2411045,2445928,2447930,2430707,2002,36885,34883,0,0,0
2449170,3d3fc0e0-944b-0f07-51e8-44c9b00ecc67,64,2411033,2447930,2449170,2431260,1240,38137,36897,0,0,0
2449832,bcd2e8eb-3f55-60cd-3ab7-127e4f32ea54,64,2430614,2449170,2449832,2431284,662,19218,18556,0,0,0
2449900,91b8ff07-e909-9654-5432-3b1c869e8836,64,2411139,2445257,2449900,2429963,4643,38761,34118,0,0,0
2451813,78428071-2eb3-5f6a-c3f2-6a392653de2b,64,2411129,2446564,2451813,2430812,5249,40684,35435,0,0,0
2452113,bdcf6fd4-88df-12c1-1fc8-628d4b4d1079,64,2411030,2449900,2452113,2431811,2213,41083,38870,0,0,0
2454711,434a7e17-eece-d5b3-3a8d-a12744f64bef,64,2411028,2442241,2454711,2428778,12470,43683,31213,0,0,0
2455155,0beba1de-beb0-7722-3fff-bc75ff866deb,64,2353853,2438262,2455155,2427886,16893,101302,84409,0,0,0
2455382,20f5128d-51ab-ac77-292f-adf7032124e8,64,2430970,2455155,2455382,2432920,227,24412,24185,0,0,0
2456472,6d56ccd8-0006-16d1-4715-60e4935f6c60,64,2424245,2451813,2456472,2431996,4659,32227,27568,0,0,0
2456653,041b1878-1765-19e7-3332-432b3d10fa95,64,2411037,2454711,2456653,2432612,1942,45616,43674,0,0,0
2456930,9696e833-4728-ddf6-4532-499e08a43ec0,32,2432000,2456653,2456930,2433199,277,24930,24653,0,0,0
2457170,8bbf1b30-9372-92e6-af20-6a9df9d18507,64,2431971,2455382,2457170,2433135,1788,25199,23411,0,0,0
2457382,7b92a41d-bb19-f0fe-c5cb-fedd5268c879,64,2411049,2452113,2457382,2432074,5269,46333,41064,0,0,0
2460628,2d798f3e-8d8b-4c60-acc5-4c621ab444a7,64,2411227,2456472,2460628,2433136,4156,49401,45245,0,0,0
2461071,0d3f69ed-a8c5-1cca-42ae-cc90c5386208,64,2354344,2447582,2461071,2431210,13489,106727,93238,0,0,0
2461416,3902d8a7-e5ae-288f-5942-339503d301cf,64,2411026,2457382,2461416,2434034,4034,50390,46356,0,0,0
2461638,cf51a203-a2d9-99ba-c146-ed52e73bc913,64,2433246,2461416,2461638,2434236,222,28392,28170,0,0,0
2462608,0bfa8cd5-7fa7-9708-7e72-79cecd7f65f6,64,2411227,2460628,2462608,2434130,1980,51381,49401,0,0,0
2463465,9aab1efb-0838-f528-a477-e25ae19383a9,64,2354343,2449832,2463465,2431348,13633,109122,95489,0,0,0
2463741,3f010e25-6ac0-8ccb-5eb8-e0db7273b7af,64,2411026,2456653,2463741,2433517,7088,52715,45627,0,0,0
2463812,867772d3-ee7a-6de6-c66d-fe25f31dde25,64,2411026,2462608,2463812,2434340,1204,52786,51582,0,0,0
2464945,24444f64-3025-9856-0967-65693cb29bf1,64,2411239,2457170,2464945,2433707,7775,53706,45931,0,0,0
2465780,12b99a50-8cb6-d1f0-a509-6396761579e7,64,2432026,2463812,2465780,2434804,1968,33754,31786,0,0,0
2466326,baebe15d-4f3c-9771-4edd-2a2a6b69b4ae,64,2411227,2461071,2466300,2434154,5229,55073,49844,0,0,0
2468258,85924e5f-1f53-db6e-ab11-77367260282f,64,2411029,2466326,2468258,2435716,1932,57229,55297,0,0,0
2469125,5761b099-43db-ea42-cece-36ae9fb209b1,64,2426004,2464945,2469125,2434987,4180,43121,38941,0,0,0
2469551,276732d3-a502-dc4b-5b03-34d80f4d6c40,64,2411232,2468258,2469551,2435797,1293,58319,57026,0,0,0
2470669,42a1279b-8bf5-caed-d904-b887d77b03b3,64,2411237,2461638,2470669,2434311,9031,59432,50401,0,0,0
2471255,5711d5fd-30b1-b67b-2771-a42280038f26,64,2353836,2445810,2471255,2430332,25445,117419,91974,0,0,0
2471315,81145252-c4c3-6368-bbc5-1a50787cb0d3,64,2353837,2463465,2471315,2434678,7850,117478,109628,0,0,0
2472523,9c03d65c-ed8a-028c-3756-999b251adf0e,64,2411039,2469125,2472523,2436084,3398,61484,58086,0,0,0
2472607,3c98fe89-ec6e-e5ca-573f-9ac917ee7fc7,64,2418835,2470669,2472607,2436787,1938,53772,51834,0,0,0
2473255,a2a5ef39-c163-df1b-df32-f343a562f0a0,64,2411036,2471315,2473255,2436933,1940,62219,60279,0,0,0
2473534,e09012d7-14ce-6f0f-75d9-704d5fe12b57,64,2411043,2471255,2473497,2436802,2242,62454,60212,0,0,0
2473534,7d76ab58-b271-115b-8af0-9ec34b726a7c,64,2353848,2465780,2473515,2434988,7735,119667,111932,0,0,0
2473920,12068ad6-12aa-da4b-08ec-a4c81a71064d,64,2411046,2472607,2473874,2437377,1267,62828,61561,0,0,0
2473980,ec19e4eb-3f55-1740-0a2d-36a605804493,64,2421713,2469551,2473954,2436313,4403,52241,47838,0,0,0
2474758,84aeffbe-ae1f-d957-1f28-e41746273272,64,2411027,2473534,2474758,2437839,1224,63731,62507,0,0,0
2475206,d5de293b-b9a8-07ba-66dc-e997b2c454a4,64,2411234,2473920,2475206,2438401,1286,63972,62686,0,0,0
2475485,63300ee1-0aaa-3c51-1cd9-7b172f51270f,64,2411227,2473534,2475485,2437978,1951,64258,62307,0,0,0
2480317,eb821435-382a-fbde-7ef5-50110acd1ac7,64,2410924,2475206,2480317,2439414,5111,69393,64282,0,0,0
2481145,8941bdd3-9803-a82e-926a-4bd0be125f8f,64,2353852,2473255,2481145,2437471,7890,127293,119403,0,0,0
2482021,c78a7900-d2bd-16ec-1481-13b4ddcf5003,64,2411028,2474758,2482021,2438554,7263,70993,63730,0,0,0
2484204,507a61a9-9d8f-eee1-e12c-6678933c3b76,64,2354364,2463741,2484165,2434790,20424,129801,109377,0,0,0
2484531,a07eafb1-01e0-6ad8-8880-2d4d89b8b7ee,64,2353836,2475485,2484531,2439492,9046,130695,121649,0,0,0
2485676,3da325e2-bc46-00bd-5842-20f1d3105f4f,64,2411227,2472523,2485676,2437244,13153,74449,61296,0,0,0
2487514,e09dd9e8-4348-a887-7339-3f5d8185716a,64,2411045,2480317,2487514,2439960,7197,76469,69272,0,0,0
2488505,1c3892e8-f2cf-cd63-80ab-4b7f2e968660,64,2411047,2481145,2488505,2440151,7360,77458,70098,0,0,0
2489126,6ef54cee-bc24-3f9f-9c01-4262815ada5d,64,2354354,2484204,2489126,2440502,4922,134772,129850,0,0,0
2490889,0cb68029-3276-ab75-32b9-fc5651f37a1f,64,2354346,2482021,2490889,2440405,8868,136543,127675,0,0,0
2492351,282f0aa6-730f-8b28-ecaf-549ed37dcef3,64,2411240,2484531,2492351,2440639,7820,81111,73291,0,0,0
2494396,94ad345a-e323-9264-2390-0c1dd1291d13,64,2410942,2485676,2494396,2441212,8720,83454,74734,0,0,0
2495485,fd9c635d-3a54-0890-82fd-a10144f801b9,64,2353836,2487514,2495485,2442463,7971,141649,133678,0,0,0
2495545,744cc6ae-e03f-ff2c-f2bf-fc3fae0e289b,64,2354351,2444466,2495542,2429482,51076,141191,90115,0,0,0
2496388,c4f5b03e-5af1-128c-c8ee-46bf571f7cdb,64,2354352,2488505,2496388,2443417,7883,142036,134153,0,0,0
2498303,e525aeaf-51e1-1799-3f39-562d6b06e92f,64,2430492,2495545,2498303,2449553,2758,67811,65053,0,0,0
2498418,c7f7040b-8718-4322-743c-6de656fdc504,32,2430519,2494396,2498418,2448510,4022,67899,63877,0,0,0
2500935,6906d118-6f75-a3b2-d818-61124cdedddb,64,2430461,2490889,2500935,2447088,10046,70474,60428,0,0,0
2503179,054da197-5273-d60c-57a0-3c178620a10a,64,2353835,2473980,2503179,2438497,29199,149344,120145,0,0,0
2507271,d7371450-95cc-fda2-3677-0e04a1d8507b,64,2354363,2498303,2507271,2450168,8968,152908,143940,0,0,0
2514883,30584d20-2711-1b60-93ac-d71bde03a536,64,2354346,2507271,2514883,2451879,7612,160537,152925,0,0,0
2521594,ae3dc742-bef8-004b-fbcf-57d745f84c5d,64,2353844,2500935,2521594,2451584,20659,167750,147091,0,0,0
2528340,c8594dfb-6d73-dd1d-dda1-497a6f1f9af1,64,2410940,2495485,2528340,2449469,32855,117400,84545,0,0,0
2539495,f70fdc0c-a085-df47-96dd-b15968473103,64,2354351,2489126,2539495,2446440,50369,185144,134775,0,0,0
2540057,48cff1da-7bbc-cb5d-474f-92058f9d7375,64,2410925,2521594,2540057,2454085,18463,129132,110669,0,0,0
2543867,399557cb-827e-e0b2-e892-0b25ab35f75a,64,2354355,2492351,2543867,2447367,51516,189512,137996,0,0,0
2545082,d6f34d9b-b918-a6e8-85fd-e9e9793841a9,64,2353843,2494396,2545082,2449277,50686,191239,140553,0,0,0
2545194,db55daf5-2dd4-450c-c6aa-7991dd8cf1ca,64,2381027,2503179,2545194,2451724,42015,164167,122152,0,0,0
2545254,223bd9be-b11c-c20e-e9fd-197204105bd1,64,2453943,2545082,2545227,2455015,145,91284,91139,0,0,0
2546481,42ac66dc-904f-0df7-c8f7-2c2dba1ad160,64,2354346,2496388,2546481,2450046,50093,192135,142042,0,0,0
2546541,4262a48c-9aa3-3580-fb70-8dd7bf3d5023,64,2452816,2545254,2546509,2457800,1255,93693,92438,0,0,0
2550705,afc5c20e-4a63-6af5-b6e1-e7ac9fc97264,64,2444855,2546481,2550705,2458619,4224,105850,101626,0,0,0
2551845,fad2fd69-3fb1-5376-31d2-8c69bb88cfe7,64,2354344,2543867,2551845,2454710,7978,197501,189523,0,0,0
2553795,3ab09847-6f43-27cc-1bc2-b4b46a40e733,64,2353853,2540057,2553795,2454653,13738,199942,186204,0,0,0
2554194,dbe38b89-a262-4fd2-a289-499e2a6716d4,64,2443780,2550705,2554139,2461328,3434,110359,106925,0,0,0
2555661,61af0e8e-d137-57e1-4005-353dd76f1e65,32,2410941,2545194,2555661,2455172,10467,144720,134253,0,0,0
2559929,f8d78cbc-5a5d-dcc5-1f98-2a0dac184ef9,64,2353844,2546541,2559929,2459272,13388,206085,192697,0,0,0
2560923,ef7cef26-3c66-7012-be74-1860bf957403,64,2354353,2551845,2560923,2462451,9078,206570,197492,0,0,0
2561460,abdce0da-be0b-bddd-38f9-500169bd40d8,64,2462020,2560923,2561460,2464369,537,99440,98903,0,0,0
2561530,bd4211d1-9920-33eb-6a8e-b758f32d2812,64,2464371,2561460,2561530,2464713,70,97159,97089,0,0,0
2561655,2a2e1e6a-1bff-56f4-13b2-d1abf4e580aa,64,2464406,2561530,2561655,2464969,125,97249,97124,0,0,0
2562608,ee462fcd-a829-907c-d9be-ccff33a315f3,64,2410925,2554194,2562608,2463672,8414,151683,143269,0,0,0
2562727,bf3b1681-0e4d-364e-397e-8bfbd3ec2149,64,2464670,2562608,2562727,2465292,119,98057,97938,0,0,0
2565877,9fc08086-228b-a68a-2d5f-4dd311a2c64d,64,2353851,2545194,2565877,2456022,20683,212026,191343,0,0,0
2566100,b972393a-5bb0-dd76-60b5-7717b072afc8,64,2464669,2565877,2566100,2465934,223,101431,101208,0,0,0
2574011,236e9007-3468-0b6e-c609-0b78b5971e43,64,2422413,2562727,2574011,2465496,11284,151598,140314,0,0,0
2574625,413b48c4-ef22-9e93-cfde-a771305d9749,64,2353836,2553795,2574581,2462836,20786,220745,199959,0,0,0
2575426,c33a8761-618f-178a-266b-4b6db9ec28ff,64,2354343,2561655,2575378,2465005,13723,221035,207312,0,0,0
2575720,8852787c-891e-daa2-8097-09fa5159b574,64,2466266,2575426,2575720,2467186,294,109454,109160,0,0,0
2576199,195c663b-9b82-f430-4563-cafe8d31df34,64,2466585,2575720,2576199,2467949,479,109614,109135,0,0,0
2576464,5e9a35cf-0699-576d-d288-b06ad51f03b1,64,2467517,2576199,2576464,2468199,265,108947,108682,0,0,0
2576524,e0094827-9672-663f-0f0a-1d5b14570a44,64,2467272,2576464,2576508,2468276,44,109236,109192,0,0,0
2576811,d9ee9678-8112-f0ff-eba4-646336c9b657,32,2467468,2576524,2576811,2468284,287,109343,109056,0,0,0
2576871,60b61367-f46e-b787-ebaf-89c7319fa2f7,64,2467531,2576524,2576826,2468462,302,109295,108993,0,0,0
2577338,64cfd9b9-050e-1961-b363-d272d0181ce6,64,2467134,2576871,2577338,2469594,467,110204,109737,0,0,0
2578585,82e6e14d-8d53-a190-63ab-bef5a7742626,32,2467250,2577338,2578566,2470539,1228,111316,110088,0,0,0
2578645,b33d9c7c-4e73-3dcc-8664-82ee6844a0e3,64,2410938,2528340,2578603,2454321,50263,167665,117402,0,0,0
2579875,6483b0e7-9c3c-be9d-335f-0d14edb7d4e4,64,2467274,2578645,2579841,2471145,1196,112567,111371,0,0,0
2580179,f1aab637-72ab-e7ff-c8b8-547b638b66ac,32,2470359,2579875,2580179,2471653,304,109820,109516,0,0,0
2580482,c69ee73d-832d-f0cc-cea9-93a01a8385f9,32,2468967,2579875,2580482,2471977,607,111515,110908,0,0,0
2580915,db2d0fff-f047-e4e9-f3fe-b7dea2e0f358,64,2381364,2559929,2580915,2464028,20986,199551,178565,0,0,0
2581261,15936f42-4d31-29b3-e187-8e933281f976,64,2470179,2580179,2581261,2472053,1082,111082,110000,0,0,0
2581883,f75efed8-2d6b-5953-8fea-d84ec98cfd48,64,2467084,2581261,2581883,2473184,622,114799,114177,0,0,0
2582225,56ad3649-289a-2abc-a1aa-8c494ed9974f,32,2470188,2581883,2582225,2473757,342,112037,111695,0,0,0
2582443,d00dcc4f-a5e6-5ec4-6a36-7425fa41dd2e,64,2410941,2566100,2582443,2466000,16343,171502,155159,0,0,0
2582503,93b1ee1d-a1a6-1f32-1e4d-acd68116fd6c,32,2469262,2581883,2582478,2473197,595,113216,112621,0,0,0
2583480,187666ec-26df-7b57-eb41-eac79ad8e1cc,64,2353836,2574625,2583480,2467180,8855,229644,220789,0,0,0
2583716,2d5f60d9-19bb-5bf0-9b63-9a38049ffb5f,32,2474957,2583480,2583716,2475835,236,108759,108523,0,0,0
2583837,86351a54-bc54-b8c1-ff40-8dcc9db1f7f9,32,2475082,2583716,2583837,2475925,121,108755,108634,0,0,0
2583967,c3a6b204-fc01-4a22-2ed0-b0b27da56b6e,32,2475776,2583837,2583967,2476415,130,108191,108061,0,0,0
2584450,21f6c63d-ac20-af11-ebd3-3927586528e6,64,2410924,2574011,2584450,2467146,10439,173526,163087,0,0,0
2584818,45d89da6-0a5b-4eb2-5667-91896ed5ca30,64,2474113,2583967,2584818,2476883,851,110705,109854,0,0,0
2584944,0e913294-e3a9-9752-ed16-7ec3505f7c6e,64,2476800,2584818,2584944,2477697,126,108144,108018,0,0,0
2585013,935e2c27-5485-60db-6208-c875c41c233d,32,2473499,2584450,2585013,2476970,563,111514,110951,0,0,0
2585073,f4f7bfdc-5d96-d459-8a3c-8743a80824f2,64,2476298,2584944,2585050,2477736,106,108752,108646,0,0,0
2587107,87f3c9a4-cd1a-810d-9101-71d21138978b,32,2476024,2585073,2587107,2479084,2034,111083,109049,0,0,0
2589167,61223189-35f3-de4a-ac92-04b40306a258,32,2470300,2587107,2589167,2480567,2060,118867,116807,0,0,0
2599328,e2eed64b-82f4-7196-1a41-c57f4bf70dc6,32,2353854,2582443,2599328,2474867,16885,245474,228589,0,0,0
2601206,65f17e33-29dd-f229-2df4-e3876bf6f2f7,64,2401837,2514883,2601206,2452380,86323,199369,113046,0,0,0
2601421,87c5577f-d091-9dcd-f5c0-b4909361b11d,64,2410925,2582225,2601421,2474665,19196,190496,171300,0,0,0
2603232,4572b385-9e32-f085-b24f-92b9ca0841de,64,2410931,2589167,2603232,2481135,14065,192301,178236,0,0,0
2604778,3066478c-4aa0-d842-057f-dd20a50a0a29,64,2410924,2577338,2604778,2470718,27440,193854,166414,0,0,0
2605893,c355853e-b0d9-751c-6cc0-067f141f746e,64,2476701,2604778,2605893,2482212,1115,129192,128077,0,0,0
2606500,ae50f96e-7760-94f6-25aa-620faf7ead9e,64,2473474,2603232,2606500,2482203,3268,133026,129758,0,0,0
2606831,b8525de3-e916-ee82-c116-8b7efa9f4841,64,2483544,2606500,2606831,2484088,331,123287,122956,0,0,0
2606902,2dd10250-f713-a7f8-4522-11a8f1c1d53b,64,2483600,2606831,2606902,2484314,71,123302,123231,0,0,0
2607078,24f384ef-df3d-3d65-bc25-bce108c2d2ce,64,2483524,2606902,2607078,2484338,176,123554,123378,0,0,0
2607284,4721fbe9-f502-0e2a-7ecf-c2269a9a9f1b,64,2483482,2607078,2607284,2484754,206,123802,123596,0,0,0
2608461,6d0473e7-8adf-1e46-d403-fd025a2a83bd,64,2481808,2607284,2608418,2484813,1134,126610,125476,0,0,0
2609020,6df3be7a-af61-aae1-03a3-5aed33440c51,64,2483590,2608461,2609020,2484813,559,125430,124871,0,0,0
2609165,a8cfe589-9dc8-9e1a-540e-7d01735d88f3,64,2483567,2609020,2609165,2484851,145,125598,125453,0,0,0
2609269,0b73ca1c-d1dc-01e5-a9a1-44751958a981,64,2410938,2601421,2609269,2481724,7848,198331,190483,0,0,0
2609329,6f082598-e1b4-b7ef-9f8a-4862ff68ef1a,64,2484084,2609165,2609275,2484981,110,125191,125081,0,0,0
2609513,7c152622-51ed-db85-f4e8-2b6c45d3708a,64,2483634,2609269,2609513,2485353,244,125879,125635,0,0,0
2610303,7b2a7f10-3590-1039-06dd-5e19dbe83664,64,2483463,2609329,2610303,2485542,974,126840,125866,0,0,0
2611538,ae1455f4-d6e8-aad3-403a-423a990ddc73,64,2469270,2605893,2611538,2483090,5645,142268,136623,0,0,0
2612158,7e45fee4-6ea8-fb32-e38d-9fb071c487bc,64,2484678,2610303,2612158,2487295,1855,127480,125625,0,0,0
2612353,27dc3b65-62bb-f84c-95d1-2c70d5b07c12,64,2410934,2585013,2612353,2478856,27340,201419,174079,0,0,0
2612500,e15680e9-ec06-3d73-b84e-2f114b523dc2,64,2484346,2612158,2612500,2489358,342,128154,127812,0,0,0
2615780,7bf18cf4-a740-a142-5cbf-7ee6ea258d83,64,2473860,2611538,2615780,2488219,4242,141920,137678,0,0,0
2617279,bca6a6b0-93b0-d27e-6154-7769f43dd740,64,2483728,2615780,2617279,2493323,1499,133551,132052,0,0,0
2621120,1186da93-da7d-cc53-3020-cf0669b41194,64,2475499,2617279,2621120,2493849,3841,145621,141780,0,0,0
2621526,5497062b-a683-7a72-26f6-ed64bd2af2c4,64,2440784,2580915,2621526,2472482,40611,180742,140131,0,0,0
2621671,ccb1063d-25a7-4338-aab9-278d92dfcf99,64,2483304,2621120,2621671,2494879,551,138367,137816,0,0,0
2621731,03864649-c4e0-b1c7-6d18-50e92d53cf30,64,2497347,2621526,2621674,2499060,148,124327,124179,0,0,0
2623143,47802d60-968c-77f1-b8f7-ef4882380358,64,2381365,2582503,2623143,2475484,40640,241778,201138,0,0,0
2623540,d907ba3f-1949-ab8a-9754-81a3d6ccc7cd,64,2504362,2623143,2623540,2504832,397,119178,118781,0,0,0
2625001,f1efa963-2dfc-6b9c-794f-ebeff96277e5,64,2494008,2621671,2625001,2501194,3330,130993,127663,0,0,0
2626243,51683612-2bb6-1a4e-0c47-5261e585a0a5,64,2410924,2609513,2626243,2485640,16730,215319,198589,0,0,0
2626636,f9da4f55-bef9-9394-d28f-af652f068e12,64,2410930,2621731,2626636,2502173,4905,215706,210801,0,0,0
2630332,28d42725-f611-c0ec-916f-b778ba8f3e6c,64,2499317,2625001,2630332,2506838,5331,131015,125684,0,0,0
2631232,dce70289-411a-315b-688b-4cfb708175fd,64,2410944,2623540,2631232,2506454,7692,220288,212596,0,0,0
2637286,1d444351-7c93-cdc3-d635-212d92fe00e8,64,2229804,2250012,2637286,2454528,387274,407482,20208,0,0,0
2639125,5a0461c9-947d-efcf-88cf-c53d188889ce,64,2410934,2612353,2639125,2491406,26772,228191,201419,0,0,0
2640965,226cbc6a-7fe5-a4b6-6be8-c7562d36226c,64,2410938,2612500,2640965,2492047,28465,230027,201562,0,0,0
2643811,b8b758b8-22d8-c08b-5269-6eeb77cf1eb6,64,2410925,2626243,2643811,2508881,17568,232886,215318,0,0,0
2649767,2a65bae3-ddaf-2233-16a9-e518a55ac92f,64,2484189,2626636,2649767,2512773,23131,165578,142447,0,0,0
2651911,fe1be3e9-bee1-dc65-77a3-19c6619c4a06,64,2410935,2630332,2651911,2513771,21579,240976,219397,0,0,0
2652103,c87d01c2-92e8-c8b1-5e00-3828d5935e79,64,2410924,2643811,2652103,2531567,8292,241179,232887,0,0,0
2656078,4398018f-8c9d-4a84-e24c-ee91b4992393,32,2532527,2652103,2656019,2537566,3916,123492,119576,0,0,0
2657925,52965cf3-8b30-bb4c-2ac9-6b60c0ac430a,64,2484129,2651911,2657916,2533714,6005,173787,167782,0,0,0
2661383,8505d91d-f28b-ffb9-d5bf-1edb3b79da1e,64,2410925,2639125,2661383,2518636,22258,250458,228200,0,0,0
2661698,286e3f0a-dedb-aec4-e2b2-de4b3d5cab0e,64,2538393,2661383,2661698,2539230,315,123305,122990,0,0,0
2661932,b2a7a475-c619-6773-6f3a-cf3380777ac5,64,2539529,2661698,2661931,2540250,233,122402,122169,0,0,0
2661992,513cd464-9473-b7cd-70b8-1530dc4e557f,64,2487251,2640965,2661982,2530791,21017,174731,153714,0,0,0
2662370,7f8736f1-93f3-c702-01e6-ee9a9ac55023,64,2539544,2661932,2662370,2540454,438,122826,122388,0,0,0
2663976,d50cf57e-3dc8-719c-4239-850b97ae50f0,64,2410933,2637286,2663976,2516704,26690,253043,226353,0,0,0
2664036,083ed925-c90d-35aa-914c-c11c05f30bc5,64,2547720,2663976,2664024,2548583,48,116304,116256,0,0,0
2665241,32586047-9cba-beda-ed34-3b0f9cca6d2a,64,2410936,2631232,2665241,2516449,34009,254305,220296,0,0,0
2666194,4d862412-ae8c-c97b-555c-4e185be2124f,64,2468292,2649767,2666194,2533075,16427,197902,181475,0,0,0
2666348,5a6f9b6b-5070-2efc-37ca-273b3506880f,32,2553290,2666194,2666348,2554258,154,113058,112904,0,0,0
2667122,284b2e1d-73fb-6c56-e2ea-5644547e1c39,32,2553530,2666348,2667122,2554821,774,113592,112818,0,0,0
2667337,dec56dc3-ad96-8213-f0a9-b97f7557c28c,32,2553588,2667122,2667337,2554852,215,113749,113534,0,0,0
2667397,4aff5eee-32b2-d952-c376-37d672a9dfa1,64,2510169,2652103,2667344,2538391,15241,157175,141934,0,0,0
2667539,934fa5c8-8ac0-68d3-e0d0-2f5a24d6281f,64,2553713,2667337,2667539,2555007,202,113826,113624,0,0,0
2667599,a3593aec-d5d1-6ae2-c940-e0fa08509d96,64,2553143,2667397,2667592,2555310,195,114449,114254,0,0,0
2667945,03ad702e-216a-ebcf-a616-dde4b388300a,64,2554129,2667539,2667945,2555363,406,113816,113410,0,0,0
2668268,76fab828-0c6d-5a71-6f54-d2b9747a2ecd,32,2553291,2667945,2668268,2555851,323,114977,114654,0,0,0
2668328,7222534d-b309-9e0d-b0ac-0677d60f8680,64,2554085,2667599,2668298,2555509,699,114213,113514,0,0,0
2668388,29298691-ec93-e43d-9e5e-8cfe2a96c526,64,2548711,2664036,2668385,2553050,4349,119674,115325,0,0,0
2668521,160a56e1-1cd2-7c9f-03ac-0d1b2cb15c02,64,2553533,2668328,2668521,2556055,193,114988,114795,0,0,0
2668712,4c1d2e43-0c2b-03e4-43e1-346d49902258,64,2553292,2668388,2668712,2556077,324,115420,115096,0,0,0
2668867,e7574997-8458-1f73-b0a0-c1cd0df6c527,64,2553588,2668521,2668867,2556107,346,115279,114933,0,0,0
2668993,05a95733-2bdd-0419-feec-0074f4028e77,64,2553233,2668268,2668993,2555948,725,115760,115035,0,0,0
2669219,7cba8dea-5086-0861-061c-ba485fa5c8d5,32,2555880,2668993,2669219,2557868,226,113339,113113,0,0,0
2669332,8e2017e1-50c4-cb4b-ad9e-5c1eb9974024,64,2554135,2668712,2669332,2556117,620,115197,114577,0,0,0
2669580,9b2e18c0-5a24-591d-ff2e-1955fc6bc66b,64,2555878,2668867,2669580,2557605,713,113702,112989,0,0,0
2670199,d9da5f47-e3ca-a0c4-3711-32b781eab1da,32,2555760,2669580,2670167,2558223,587,114407,113820,0,0,0
2670259,334dd7aa-25c1-f899-a89a-92c5003742ae,64,2555887,2669219,2670246,2557903,1027,114359,113332,0,0,0
2670842,c53f1db3-d275-bd43-8451-7303e94d4fbe,32,2555000,2670259,2670842,2558684,583,115842,115259,0,0,0
2671238,8f962ff2-186b-6a71-1569-12ddf9cf2bd2,32,2556304,2670842,2671204,2559125,362,114900,114538,0,0,0
2671628,f710900b-d3c1-fe3f-4ce7-db3f625966cc,32,2522434,2664036,2671628,2550363,7592,149194,141602,0,0,0
2673017,6fea84f5-79f3-4373-1bab-13ac9863bb20,64,2556651,2671238,2673017,2559208,1779,116366,114587,0,0,0
2673077,58c714f2-a3aa-1839-bc35-bc9a521a21a4,64,2396003,2601206,2673031,2481191,71825,277028,205203,0,0,0
2673661,945b3711-0a85-8722-30c9-5ec44f2fcfd6,64,2556065,2673077,2673661,2559725,584,117596,117012,0,0,0
2673752,49ed856e-723d-facd-f601-e005c4c4f69f,64,2556552,2673017,2673752,2559429,735,117200,116465,0,0,0
2673990,df3e03c2-2172-44cf-0808-1d218d204cf6,32,2556549,2673752,2673980,2560788,228,117431,117203,0,0,0
2674181,b864a47b-a434-47fb-0182-978288eae7d4,64,2556670,2673661,2674146,2559800,485,117476,116991,0,0,0
2674361,3799a376-7e5b-3ac9-03c5-01fe269334ef,32,2556669,2673752,2674339,2560600,587,117670,117083,0,0,0
2674459,00b8a88f-9317-545d-1cd4-3dfff59b39fa,64,2549484,2669332,2674459,2558123,5127,124975,119848,0,0,0
2675551,b6fac9b9-88bf-6b11-fd3c-c9e3a5a7a595,64,2554848,2674459,2675551,2564383,1092,120703,119611,0,0,0
2676761,78202426-3134-1ab8-b9e8-d78149bb1313,64,2555877,2673990,2676761,2561079,2771,120884,118113,0,0,0
2676986,b366ffd1-ae4d-8a19-e2c2-aa2466e9a80e,64,2569966,2676761,2676986,2570679,225,107020,106795,0,0,0
2677272,35ba5e93-bfc7-7282-b92c-8a723a17d79a,64,2569184,2676986,2677272,2571837,286,108088,107802,0,0,0
2683233,ca8b6e4c-e6f7-b3d4-28af-3b731d82e2a8,64,2548312,2674181,2683233,2564085,9052,134921,125869,0,0,0
2683858,a5310be0-f391-4a36-48a4-36ae83a2a06f,64,2569005,2683233,2683858,2573692,625,114853,114228,0,0,0
2685800,f1e34d6c-6c02-c976-1e73-b307f37590d3,64,2553120,2683858,2685800,2574735,1942,132680,130738,0,0,0
2686464,6e047758-94eb-2ddd-0275-4eca91bf903d,64,2570771,2685800,2686464,2575454,664,115693,115029,0,0,0
2687022,e7d90c1b-a59c-aeed-6c09-72046fa6681c,64,2518173,2665241,2687022,2553336,21781,168849,147068,0,0,0
2688035,351c586a-c0c3-d59e-c0e5-ea1a1fc45171,64,2556306,2686464,2688035,2578014,1571,131729,130158,0,0,0
2701988,ad411244-ff79-f0f4-af64-257283d7cafc,64,2541997,2688035,2701988,2578742,13953,159991,146038,0,0,0
2702227,b1012b0f-174a-f825-564a-90627825e2f0,64,2578636,2701988,2702227,2579063,239,123591,123352,0,0,0
2702735,7fb63b12-4cf2-1624-8243-0329f09fe936,64,2578636,2702227,2702735,2579164,508,124099,123591,0,0,0
2703113,4b4ef503-f872-2413-57c5-982cf6ae10e8,64,2578635,2702735,2703113,2579332,378,124478,124100,0,0,0
2703717,5209eaab-39b6-410e-c2c9-6b28beb96a4a,64,2578635,2703113,2703717,2579350,604,125082,124478,0,0,0
2704134,ed7403c6-4cd0-d32e-af4b-88ff1a58c6ae,64,2578724,2703717,2704134,2579364,417,125410,124993,0,0,0
2704966,88efe82b-1f3e-ea66-af6c-6f61cfefa2a2,64,2578636,2704134,2704966,2579399,832,126330,125498,0,0,0
2705945,5a8258cb-8d78-3a9b-ed87-adb64448cbb9,32,2578525,2704966,2705945,2579756,979,127420,126441,0,0,0
2706076,a0ca381c-bc3d-c68a-87d4-9f499cc15301,64,2484260,2657925,2706076,2539202,48151,221816,173665,0,0,0
2706136,f9ad97ae-0ea7-61a6-9c5d-fb8d60e12973,64,2578635,2705945,2706080,2579821,135,127445,127310,0,0,0
2706240,7bc19e2f-a332-7e99-9efe-c6c530ad41bb,32,2572660,2704966,2706240,2579452,1274,133580,132306,0,0,0
2706398,6eb1de50-c1ba-c834-caec-1d2d63a7bc90,64,2578692,2706076,2706398,2580188,322,127706,127384,0,0,0
2706827,b2b3bb39-4510-eaad-c0bd-44c06d07ee0b,64,2578691,2706136,2706827,2580882,691,128136,127445,0,0,0
2707339,119fb03e-9731-4c91-98b6-691b74169e82,64,2579131,2706398,2707339,2581243,941,128208,127267,0,0,0
2707759,a0970ff4-dc42-0980-0059-5e29a226a75b,64,2578724,2706827,2707759,2581897,932,129035,128103,0,0,0
2707832,cfb0d68d-b189-25a6-c6ce-c51b93efb5c4,64,2381114,2661992,2707832,2545854,45840,326718,280878,0,0,0
2708039,cc027d43-d622-d179-bb5a-d45d535322bf,64,2543249,2687022,2707987,2578554,20965,164738,143773,0,0,0
2709877,275b7c2c-12be-16cb-3637-8db328542b64,64,2536284,2677272,2709877,2573204,32605,173593,140988,0,0,0
2709937,7a114e56-12e2-9c2a-94e4-339da9a9cef7,64,2522807,2675551,2709932,2566849,34381,187125,152744,0,0,0
2710259,f525d556-bb98-abdf-71ec-02ad3db538c9,64,2554074,2707339,2710244,2583677,2905,156170,153265,0,0,0
2712273,889dc47e-2718-9112-2dcd-f65db924312e,64,2578637,2707759,2712273,2588654,4514,133636,129122,0,0,0
2713005,ef4bd7a8-746b-302f-7ebb-f6dfed84acc9,64,2585585,2708039,2713005,2594530,4966,127420,122454,0,0,0
2713370,402d105b-113e-af84-abf3-90964a68369c,64,2586505,2710259,2713370,2597245,3111,126865,123754,0,0,0
2716129,01572a56-e4ae-b85f-23fb-e8f2cf5cbd7f,64,2585574,2713005,2716129,2597668,3124,130555,127431,0,0,0
2716509,6b1205aa-9bd3-f580-ad9f-835f3fc5c786,32,2585772,2713370,2716509,2597688,3139,130737,127598,0,0,0
2717227,7e8450d7-51be-adc1-5a44-914362908017,64,2595453,2716129,2717227,2598133,1098,121774,120676,0,0,0
2718177,3d4a49ae-e83f-6a2a-52fc-6f48e7e337c4,64,2585206,2717227,2718177,2598410,950,132971,132021,0,0,0
2718619,56282768-6df0-ac3c-9ab8-180f56479889,64,2595459,2718177,2718619,2598755,442,123160,122718,0,0,0
2718743,e0f3ee66-59a7-e6e4-2341-89c5405df186,64,2504328,2712273,2718743,2597483,6470,214415,207945,0,0,0
2719542,7e83e815-9375-8195-25fd-72f4fbb61ff7,32,2595462,2718619,2719542,2598949,923,124080,123157,0,0,0
2719602,7bdac670-ca4c-3b4d-fc8a-de6a9051385e,64,2595454,2718743,2719600,2599460,857,124146,123289,0,0,0
2720048,a159bef3-5cf9-0400-c53f-777f51c46d6e,64,2595460,2719602,2720048,2599811,446,124588,124142,0,0,0
2720643,fd55c844-c242-17c5-c613-71c199fd92a4,64,2575366,2709877,2720643,2595360,10766,145277,134511,0,0,0
2721372,93b91ea1-4211-c052-f4de-bda7f4a6af9d,64,2595363,2720048,2721372,2600188,1324,126009,124685,0,0,0
2721438,7c45d65d-b517-e8ef-db21-3e3143c2181f,64,2595459,2718619,2721438,2598979,2819,125979,123160,0,0,0
2721527,1752815c-bcbf-1583-0a01-75e5937d6fb1,64,2595463,2720643,2721527,2600267,884,126064,125180,0,0,0
2722700,d0f7c7b0-1708-0bbd-3106-e8ce5b9a289a,64,2585102,2713370,2722700,2597786,9330,137598,128268,0,0,0
2722901,ed3d5159-c2f5-da5f-d45f-f4db9ce91544,64,2595447,2721527,2722901,2600820,1374,127454,126080,0,0,0
2724234,a2ac7896-7f38-3a3e-33a6-74036f9d1d74,64,2595457,2721372,2724234,2600633,2862,128777,125915,0,0,0
2724428,deaf0fa9-24a6-3a6c-b641-d44931f09021,64,2595456,2722901,2724428,2600908,1527,128972,127445,0,0,0
2724488,6508f5c4-2994-9775-3a4b-90e3fdf26daf,64,2585823,2721438,2724444,2600801,3006,138621,135615,0,0,0
2725307,7796048f-b4b9-fb73-29de-bccc429e09bd,32,2596660,2721438,2725307,2600736,3869,128647,124778,0,0,0
2725489,1c5bb4ce-b79c-cfc9-35cf-fe16a6dfd693,64,2595452,2722700,2725489,2600907,2789,130037,127248,0,0,0
2726076,57a911b3-5139-94a1-1081-34dc54270925,64,2595455,2724428,2726076,2601385,1648,130621,128973,0,0,0
2726602,6b358d15-590c-ee67-4d1b-6d80c8575c8a,64,2595364,2724234,2726602,2601349,2368,131238,128870,0,0,0
2727124,edbc36d8-9a30-7096-d977-66bea71c8948,64,2595450,2725489,2727124,2601797,1635,131674,130039,0,0,0
2727550,c3f67602-0879-a480-07ab-777056724b4c,64,2587208,2726602,2727550,2602463,948,140342,139394,0,0,0
2727807,a55fa725-bcb3-c168-b706-2cfa29cc0789,64,2601315,2727124,2727807,2603062,683,126492,125809,0,0,0
2728241,36df253c-ac98-c942-b093-71b5d53ae164,64,2585771,2724488,2728241,2601672,3753,142470,138717,0,0,0
2728573,68e438e0-5a57-5306-b0dc-80e80aee5a68,64,2601598,2728241,2728573,2603701,332,126975,126643,0,0,0
2728666,2fc44d65-0ad5-6e56-df9b-87b0ddc418d2,64,2587198,2726076,2728666,2602353,2590,141468,138878,0,0,0
2728906,9e181620-5f27-fee1-4b07-9752a93429ae,64,2601281,2728573,2728906,2603712,333,127625,127292,0,0,0
2729382,cf8be8bd-d2fa-9b0a-3337-05f9894b9f90,64,2555883,2707832,2729382,2588853,21550,173499,151949,0,0,0
2729872,cd4f75e6-448f-3dbc-0f8a-ce7c1084061b,64,2602274,2728666,2729872,2604124,1206,127598,126392,0,0,0
2730127,46fc4ff2-12f1-78bd-c7de-01a929769b0f,64,2602351,2728906,2730127,2604298,1221,127776,126555,0,0,0
2730448,ebf484d0-ce6d-29bf-bc63-3d6c6eaf0a90,64,2602235,2729382,2730448,2604451,1066,128213,127147,0,0,0
2730508,4a9ab305-222b-f62a-085e-05182d756dd3,64,2601502,2730127,2730490,2604704,363,128988,128625,0,0,0
2730568,172e8c68-82aa-5c46-8049-9bbf76f6a778,64,2601514,2729872,2730548,2604625,676,129034,128358,0,0,0
2730805,639ac771-b739-a28a-4ffd-5b7a226dd24f,32,2601604,2730127,2730805,2604670,678,129201,128523,0,0,0
2731750,243113fd-8e19-0d07-dff0-b9bf8db3c2c1,64,2602347,2730568,2731750,2605091,1182,129403,128221,0,0,0
2731810,89344b06-0790-eeb4-9b2a-1376315e4e80,64,2586471,2727807,2731756,2603651,3949,145285,141336,0,0,0
2731810,667ae277-348f-9ce0-603b-c183bd75f95c,64,2595549,2730508,2731760,2604991,1252,136211,134959,0,0,0
2732189,50bf2995-9ee4-105d-5f06-bc767b777e71,64,2595558,2727550,2732189,2603350,4639,136631,131992,0,0,0
2732312,6a241f46-3af7-fa21-a93e-7b5b1e4ae3a7,64,2601446,2731750,2732312,2605117,562,130866,130304,0,0,0
2733589,93423b4f-8add-06f9-9ccc-e19ff2335074,64,2586012,2730448,2733589,2604822,3141,147577,144436,0,0,0
2733994,dd7902fc-db61-7a80-a9f7-c6d1c6475ae2,64,2602352,2731810,2733935,2605396,2125,131583,129458,0,0,0
2734646,ecc38555-2b9b-4ffc-b2db-b2c54518f4c6,64,2602365,2733589,2734646,2605685,1057,132281,131224,0,0,0
2735195,e716eb38-581f-03df-7e71-bda810128b96,64,2595363,2731810,2735195,2605288,3385,139832,136447,0,0,0
2735315,cf1d46be-2e0e-343d-1d59-b30807aa2515,64,2586620,2732189,2735298,2605505,3109,148678,145569,0,0,0
2735467,664101fa-5d06-07cc-0a37-4f43c4cd8e19,64,2585824,2733994,2735467,2605720,1473,149643,148170,0,0,0
2735692,2586dcd1-a7e6-0e4e-c71c-dac2260d76ca,64,2602511,2735315,2735692,2606304,377,133181,132804,0,0,0
2736264,092e9fab-2457-9251-c9b6-7093d0fe42af,64,2595553,2732312,2736264,2605635,3952,140711,136759,0,0,0
2736710,42650798-4b80-afa6-fab1-fa122d5737a0,64,2595360,2735467,2736710,2606346,1243,141350,140107,0,0,0
2736773,6cc2e20f-c3a0-2289-b88b-a4454e6c2bae,64,2601446,2734646,2736773,2605720,2127,135327,133200,0,0,0
2736833,aa4e8b03-18b6-dfc7-3b50-f94f28bfffdd,64,2602421,2736264,2736822,2606900,558,134401,133843,0,0,0
2737484,9c2d9672-e3d1-803c-85fa-b5ea14072edb,64,2595548,2736710,2737484,2607123,774,141936,141162,0,0,0
2739294,f7ebc69a-b428-0f0d-1a6c-f45952f6531f,64,2563479,2709937,2739294,2595822,29357,175815,146458,0,0,0
2740783,4d980202-3fbc-75e0-9b19-11122d2ae08e,64,2595347,2735692,2740783,2606543,5091,145436,140345,0,0,0
2741499,25ee2f0f-76a3-0eb0-c50c-71f44d08f416,64,2595345,2735195,2741499,2605944,6304,146154,139850,0,0,0
2742735,d8d99ad8-255f-30b9-1a87-09bd1fc23099,64,2595356,2740783,2742735,2608718,1952,147379,145427,0,0,0
2742926,76b90472-7470-724c-f9f6-b641063ff61e,64,2586011,2739294,2742926,2608002,3632,156915,153283,0,0,0
2743280,c0d2201b-26cf-fe04-3ed5-e52eaa3d2111,64,2574511,2736773,2743280,2607476,6507,168769,162262,0,0,0
2743647,e7ab2ef7-7b8f-d09a-cc8c-eba90662200c,64,2595548,2741499,2743647,2609110,2148,148099,145951,0,0,0
2743822,9211d6cc-997d-4ca9-149c-0766ffb88ef4,32,2576918,2737484,2743822,2607681,6338,166904,160566,0,0,0
2743898,aa757eeb-97e6-42d6-7c74-38955388d128,32,2608401,2743280,2743898,2610010,618,135497,134879,0,0,0
2745135,2d9be542-9bc8-1ea5-e2b5-e74d38c0f0c3,64,2574505,2737484,2745088,2607764,7604,170583,162979,0,0,0
2745430,b01c9191-e81b-60ff-da41-a15f4e29b9da,64,2595355,2736833,2745403,2607519,8570,150048,141478,0,0,0
2745972,e42c0aea-23d7-263d-d391-d017dbd4a86d,64,2595345,2743898,2745972,2611287,2074,150627,148553,0,0,0
2747521,a2e25753-56ff-db3e-380c-fd3dba6a741c,64,2574513,2743280,2747521,2610215,4241,173008,168767,0,0,0
2748286,63fe0717-f6a8-78cc-7a11-df76d6e75f73,64,2475397,2670199,2748286,2558551,78087,272889,194802,0,0,0
2749432,972d5d57-669b-e896-7602-72ba8862036f,32,2574400,2742926,2749432,2610005,6506,175032,168526,0,0,0
2749574,3f612028-cb4a-9aa4-e520-53b68faa2da8,64,2586615,2742735,2749574,2609595,6839,162959,156120,0,0,0
2751604,7caa281b-4e33-6644-c657-20ae5bd67d4d,32,2595355,2747521,2751604,2612547,4083,156249,152166,0,0,0
2752331,d294100f-823c-a34a-bffb-d93b2b15619e,64,2595345,2745135,2752331,2611711,7196,156986,149790,0,0,0
2752778,6714272a-d981-5a41-e1cc-233c9838d168,64,2610393,2752331,2752778,2614752,447,142385,141938,0,0,0
2753033,b7c4b3ee-9b1f-c6d1-3881-49dc5dc96097,64,2595355,2749574,2753033,2614701,3459,157678,154219,0,0,0
2753093,b517272d-f779-7643-beca-c08c53b04133,64,2579755,2749432,2753075,2614095,3643,173320,169677,0,0,0
2753155,2e0c5488-a76f-7d3c-6252-2f2656ef26a3,64,2595345,2745972,2753155,2611720,7183,157810,150627,0,0,0
2753743,e1656eaf-7f9a-3ca7-7940-964ff2cd4e4b,32,2616463,2753155,2753743,2619586,588,137280,136692,0,0,0
2754002,2adcecb5-109b-851a-9d69-32c9a9db47b9,64,2595346,2745430,2753957,2611716,8527,158611,150084,0,0,0
2754185,686cd27d-fd59-7efd-3d14-01de827aae2c,64,2579756,2743647,2754185,2610261,10538,174429,163891,0,0,0
2754312,5a0ed9b7-5e22-27d4-e74f-232bfb876271,64,2608949,2753093,2754267,2619006,1174,145318,144144,0,0,0
2754951,d5dbcbee-cc03-38d3-18ba-fcc9e1dd7fdf,64,2610381,2754185,2754951,2620708,766,144570,143804,0,0,0
2756242,78ea47e2-cbc4-dd42-5c39-b57dbc0dbd13,64,2618750,2754312,2756242,2621215,1930,137492,135562,0,0,0
2756334,7fcc4456-20bc-2fa0-fa80-10620b4e360a,64,2618599,2754951,2756334,2621354,1383,137735,136352,0,0,0
2756770,677f7c73-fd9b-faf3-d812-5123984f5a56,64,2618637,2756242,2756770,2621413,528,138133,137605,0,0,0
2756837,b91d8c4c-0278-1c40-134e-2bd9dd1ad072,64,2595346,2748286,2756837,2612660,8551,161491,152940,0,0,0
2757106,f6c9dd38-06a2-074c-6102-56376f023006,32,2595353,2753033,2757106,2617897,4073,161753,157680,0,0,0
2757382,7c641c58-a52d-2946-3c03-032cc7f020cf,64,2618627,2756837,2757382,2621709,545,138755,138210,0,0,0
2757769,3a58d606-a302-db2f-41de-ca4c625cade5,64,2617956,2756334,2757769,2621651,1435,139813,138378,0,0,0
2758230,4d747649-53bc-20e0-78c0-9d8baa3319bc,64,2618517,2757769,2758230,2622174,461,139713,139252,0,0,0
2758446,70fbb28e-0d9b-b3b5-556f-f3c182077e01,64,2618029,2756770,2758446,2621687,1676,140417,138741,0,0,0
2758557,abb558e1-cb9a-6ed5-fdbc-ebdbb119779c,64,2618427,2757382,2758557,2622151,1175,140130,138955,0,0,0
2758753,be3de265-d471-8d86-8d36-645980f6c26c,64,2595345,2753743,2758753,2619761,5010,163408,158398,0,0,0
2758906,2b729d66-504f-de7c-746e-49a81817dac5,64,2618571,2758446,2758906,2622273,460,140335,139875,0,0,0
2759013,1806699f-b1ac-f1dd-3303-343c300b6e7b,64,2618514,2758230,2759013,2622188,783,140499,139716,0,0,0
2759087,656e5170-bd1a-2704-8801-36fc095f6d43,64,2595358,2754002,2759087,2620108,5085,163729,158644,0,0,0
2759603,4f75d45a-74a1-2a0d-18e6-3a5577e0ee02,64,2616392,2759087,2759603,2622816,516,143211,142695,0,0,0
2760392,f28bf846-3b50-4fda-7875-b1c777243aa3,64,2618720,2759603,2760392,2623095,789,141672,140883,0,0,0
2760564,de590698-8072-cee2-042f-14df6ab075bd,64,2618515,2758906,2760564,2622788,1658,142049,140391,0,0,0
2760729,9a5c68ad-aeb0-b110-ac13-b24990d22d54,64,2595359,2758753,2760729,2622529,1976,165370,163394,0,0,0
2761318,71b2b47a-b661-7c50-6895-b96f14fdc3a7,64,2595346,2752778,2761318,2616970,8540,165972,157432,0,0,0
2761971,e5d20eae-5104-da0c-e650-8af4d9259a4b,64,2595351,2760729,2761971,2623812,1242,166620,165378,0,0,0
2762372,bd32ebda-b61e-7c80-b302-225ec930c9f3,64,2618694,2760392,2762372,2623571,1980,143678,141698,0,0,0
2762465,f2a45575-ee58-5967-b063-796a70a91477,64,2595347,2760564,2762465,2623792,1901,167118,165217,0,0,0
2762561,86e5edf4-6bfd-c189-b705-10f894ba0d7c,64,2595351,2761318,2762561,2624215,1243,167210,165967,0,0,0
2763151,0c8033f0-cc88-4185-b1ba-d5eb3e668eb8,64,2618511,2762372,2763151,2624977,779,144640,143861,0,0,0
2765400,ce4ba2bb-63d3-ce8e-bcbb-859a95966725,64,2595360,2759013,2765400,2622810,6387,170040,163653,0,0,0
2767135,03d33907-ce02-8d60-18ef-9a287f5da7f8,64,2595362,2758557,2767135,2622523,8578,171773,163195,0,0,0
2767317,a38cc35f-12bc-f090-06d6-fba776509bcd,64,2624318,2762465,2767317,2632213,4852,142999,138147,0,0,0
2767418,0a42be3f-e671-d582-7a9e-8394bb4ccb14,32,2656276,2767317,2767418,2657083,101,111142,111041,0,0,0
2771621,4a658a7d-c1f5-e014-5fa8-81b0c0133339,64,2579755,2761971,2771621,2624974,9650,191866,182216,0,0,0
2771686,8365d2cf-173b-e226-44d9-ea2dcb56eb48,32,2656803,2771621,2771686,2657295,65,114883,114818,0,0,0
2771812,2e2d0681-a8b2-6070-9b18-72ac78c4c27f,32,2656936,2771686,2771812,2657425,126,114876,114750,0,0,0
2772670,d8e3cb62-fe24-fcd4-46bc-55dbae6c3a9b,32,2656518,2771812,2772670,2657828,858,116152,115294,0,0,0
2772804,1e245a97-273e-f6f4-85d4-bf0f0a4fee3b,32,2656872,2772670,2772745,2657837,75,115873,115798,0,0,0
2773258,8ff19886-5a2c-41bc-c2c2-26ff1d8b32d9,32,2656953,2772804,2773258,2657884,454,116305,115851,0,0,0
2773579,f14152c7-a0dc-ec7d-3b17-23197f4d55b9,32,2656440,2773258,2773579,2658184,321,117139,116818,0,0,0
2773651,ac6c2e1b-708d-f094-2f64-672f96e1a522,32,2658157,2773579,2773651,2658565,72,115494,115422,0,0,0
2773723,3b195b02-0a4a-f40d-b608-90b921e8265a,32,2657477,2773651,2773723,2658727,72,116246,116174,0,0,0
2773947,1c968b9b-5d67-9515-f8c5-ef5c88f757fb,32,2657461,2773723,2773947,2659037,224,116486,116262,0,0,0
2774103,58bce5e4-d282-d54d-4827-02f04caa568b,32,2658663,2773947,2774103,2659261,156,115440,115284,0,0,0
2774334,9ec5405d-c6a9-0598-5d34-0833db592a19,32,2658373,2774103,2774334,2659305,231,115961,115730,0,0,0
2774445,789fed96-7337-3c2f-4e1c-37621c7cb6ed,32,2658601,2774334,2774445,2659418,111,115844,115733,0,0,0
2774543,0463aa5e-222c-2fd2-e7a1-66d270293dbb,32,2658312,2774445,2774543,2659429,98,116231,116133,0,0,0
2774889,fbc1085b-216b-9833-bbf2-82a9be09f835,32,2658370,2774543,2774889,2659579,346,116519,116173,0,0,0
2775206,846a4a71-c84a-89b8-208f-ae0214013b99,32,2658958,2774889,2775206,2659651,317,116248,115931,0,0,0
2775617,59259acd-4142-d00e-6ff6-fa9a16e6e8fc,32,2658962,2775206,2775617,2659733,411,116655,116244,0,0,0
2775860,df8b4008-7d01-b5a3-0041-f5d49549e631,32,2659108,2775617,2775860,2660188,243,116752,116509,0,0,0
2776450,300a491a-faa1-d736-bee6-b06e37f7a96a,32,2656549,2775860,2776439,2660262,579,119890,119311,0,0,0
2777002,59ccc94a-bc1c-d60d-7d9c-03c773deaa56,32,2657834,2776450,2777002,2660331,552,119168,118616,0,0,0
2777399,cbbd3732-42a1-a429-9b05-0a6c235d2722,32,2658601,2777002,2777399,2660423,397,118798,118401,0,0,0
2777538,ec02e881-080c-faaa-42c6-cc4277ba69f1,32,2659018,2777399,2777538,2660509,139,118520,118381,0,0,0
2778163,8fb3a134-ff23-36e9-7990-3d9687cec69d,32,2656936,2777538,2778163,2660560,625,121227,120602,0,0,0
2778525,48ef30ff-3087-77b4-1c54-956f32ce93db,32,2659993,2778163,2778524,2660911,361,118531,118170,0,0,0
2779077,e58118d1-2687-9443-03a1-beac5107256e,64,2600277,2753033,2779077,2618324,26044,178800,152756,0,0,0
2779547,a18e4440-7a70-bcf8-92ef-d363b4dea4a4,32,2658587,2779077,2779547,2660942,470,120960,120490,0,0,0
2780026,93683dd6-5050-127e-4e38-5d03a0d80651,32,2658631,2779547,2780026,2660988,479,121395,120916,0,0,0
2780314,1d71f339-c448-42af-47f8-b6f13fdd0e2b,32,2660287,2780026,2780314,2661186,288,120027,119739,0,0,0
2780989,02b49d26-672b-0fa7-a95d-a34b5b860e79,64,2657450,2778525,2780989,2660916,2464,123539,121075,0,0,0
2781640,ce31ce5c-213b-1241-83c5-9c143824c62b,64,2657068,2780314,2781640,2661354,1326,124572,123246,0,0,0
2781713,1c35730b-49d5-2453-58d4-d949cad6d3ef,64,2657768,2780989,2781713,2661509,724,123945,123221,0,0,0
2782183,982cd08d-49f8-6d9d-dfef-b72a4570b7fe,32,2658754,2781713,2782183,2661906,470,123429,122959,0,0,0
2782243,6c262577-66d6-089e-ab91-e501f5bd62cd,64,2658393,2781640,2782208,2661595,568,123815,123247,0,0,0
2782452,cd0d4d73-ca1c-3218-c19d-11c545e18b77,64,2660566,2782183,2782452,2662325,269,121886,121617,0,0,0
2782562,9a11ddf4-be1a-35c9-a12a-c11c21677dca,32,2662430,2782452,2782562,2663312,110,120132,120022,0,0,0
2783857,5d697934-ddeb-78a4-375f-dd572700260b,32,2662145,2782562,2783805,2663791,1243,121660,120417,0,0,0
2785880,aa000756-52e0-234e-2505-a2b69dd3c15a,32,2658616,2783857,2785880,2663966,2023,127264,125241,0,0,0
2786367,497bc13b-d2de-b47d-4455-d60e69958fd1,32,2663470,2785880,2786367,2666963,487,122897,122410,0,0,0
2787475,278976c9-4b7d-3b08-ac5b-fe79709ad1ab,32,2660634,2786367,2787475,2667333,1108,126841,125733,0,0,0
2788372,eba0330c-6a9a-6f4b-2e39-c29a921f266f,32,2657416,2787475,2788351,2667437,876,130935,130059,0,0,0
2789047,ed944378-d814-abe0-821b-390c946f9f07,32,2661891,2788372,2789047,2668619,675,127156,126481,0,0,0
2789781,067ab1d7-7059-e387-b89f-52d2a8737d14,32,2665479,2789047,2789781,2669595,734,124302,123568,0,0,0
2791322,3e628981-9ef1-a74f-3d13-452669d75427,32,2666832,2789781,2791322,2669618,1541,124490,122949,0,0,0
2794896,3c847821-4f10-b422-1fc2-2517e593562b,32,2659637,2791322,2794896,2670635,3574,135259,131685,0,0,0
2795666,49adb07b-874f-7c5c-9a06-64b93eeb2f03,64,2579756,2767135,2795666,2651045,28531,215910,187379,0,0,0
2795774,6af31899-014c-c3a1-e5f3-d46692de0df8,64,2630182,2767418,2795774,2657244,28356,165592,137236,0,0,0
2796570,0130d66b-932d-1648-6769-b0f1ee01b9e0,64,2670148,2795666,2796570,2672181,904,126422,125518,0,0,0
2797005,380cc838-2c94-df5a-48ba-d5fb32a4a8a4,32,2670203,2796570,2797005,2673032,435,126802,126367,0,0,0
2798433,af2537f5-9d31-762a-fb5a-bb36ce7968b7,64,2670199,2795774,2798433,2672355,2659,128234,125575,0,0,0
2798792,15956c42-27c0-0f89-9e3b-f1b34330125c,32,2670148,2798433,2798792,2673797,359,128644,128285,0,0,0
2800947,248607c2-2059-ad46-a856-0b7427ce46ce,64,2662127,2797005,2800947,2673200,3942,138820,134878,0,0,0
2803486,2a9edda7-761a-d914-4931-b2d4d3def87c,32,2670217,2800947,2803486,2675147,2539,133269,130730,0,0,0
2803968,424d9430-b724-79b7-710b-7fa9e9a0c20d,64,2670211,2798792,2803968,2674950,5176,133757,128581,0,0,0
2804488,640445a1-87e7-099b-4600-8f33814671a1,64,2670151,2803486,2804488,2675418,1002,134337,133335,0,0,0
2805405,189099c9-f2be-029f-1514-9755838e9a61,64,2670218,2803968,2805405,2675548,1437,135187,133750,0,0,0
2807533,c64d8e70-1ea3-91e2-9662-f8835bbccb30,64,2670214,2804488,2807533,2675695,3045,137319,134274,0,0,0
2808698,902a73ae-b81e-1682-a7eb-40085a13f4bb,32,2670207,2807533,2808698,2676230,1165,138491,137326,0,0,0
2809288,49a5baeb-d1f4-4c8d-d51b-1974de668dd0,64,2670199,2805405,2809288,2676036,3883,139089,135206,0,0,0
2809562,bb2168c4-a318-8a65-496f-e30824f7e239,64,2670209,2808698,2809562,2676260,864,139353,138489,0,0,0
2811308,28b82fa1-72d0-c649-350e-a2b2d07a2b58,32,2670215,2809562,2811308,2676518,1746,141093,139347,0,0,0
2811406,9ff5846e-25d7-ad5e-8498-b40a16e1cf6b,32,2675715,2811308,2811406,2676728,98,135691,135593,0,0,0
2813103,10ae2dfc-3729-6854-273e-54e5b119e78c,64,2315481,2315611,2813103,2548102,497492,497622,130,0,0,0
2813677,88f4ca54-1584-184b-2cdc-1cc03fa60025,64,2624300,2782243,2813677,2663084,31434,189377,157943,0,0,0
2813977,dd088545-92c6-bb94-75f3-405dda2bf1b7,32,2670276,2811406,2813973,2676753,2567,143697,141130,0,0,0
2816408,570e5af5-f5ff-3705-da74-a05688dd44cc,32,2670284,2813977,2816408,2677768,2431,146124,143693,0,0,0
2816829,6553b15f-1ea1-5b0f-95ae-b18b46ae7e06,64,2670291,2813677,2816829,2677488,3152,146538,143386,0,0,0
2818481,279f5df0-da2d-6df9-a3c1-4a53acf96a12,64,2670279,2816408,2818481,2677809,2073,148202,146129,0,0,0
2818648,09943e76-1d4e-2772-401f-b5a69ca5b74f,64,2670224,2813103,2818648,2676995,5545,148424,142879,0,0,0
2819969,6cdcd3be-adef-5777-2e6d-f7e899802368,64,2670214,2818481,2819969,2678272,1488,149755,148267,0,0,0
2820198,b7ed70cf-f111-be9e-8545-b11f6d820335,64,2670200,2816829,2820198,2678026,3369,149998,146629,0,0,0
2820894,6f8ef978-5021-71bd-8458-526b4385a3e3,64,2659832,2818648,2820894,2678390,2246,161062,158816,0,0,0
2821106,e54c8739-3133-839e-2e7d-952b785b8a07,64,2670203,2819969,2821106,2678510,1137,150903,149766,0,0,0
2821412,242ac30f-5d80-a53b-259a-5d6c07ba408b,64,2675694,2820198,2821412,2678803,1214,145718,144504,0,0,0
2822506,a4282ec4-27e6-287b-c4ec-ea3290389f81,64,2675764,2821106,2822506,2679180,1400,146742,145342,0,0,0
2822837,e33fc52c-4570-83e4-653c-8f74a5076897,64,2670288,2821412,2822797,2679208,1385,152509,151124,0,0,0
2823594,5256f928-bea8-3e9f-a911-fd6d0d586ee2,64,2661872,2820894,2823592,2679165,2698,161720,159022,0,0,0
2824339,ecf60826-3c1e-0ac4-daf0-9b921da9c3c5,64,2670221,2822837,2824336,2679421,1499,154115,152616,0,0,0
2825940,c960b851-4d69-6e19-e827-3dee9d7e4eb7,32,2670278,2824339,2825940,2680712,1601,155662,154061,0,0,0
2826874,49ca4ae6-2d0a-a95a-bdb8-65cff106b83d,64,2579756,2765400,2826874,2645077,61474,247118,185644,0,0,0
2827188,82b34384-9979-cf26-c8b1-90e1089a9f4f,64,2670285,2825940,2827188,2681118,1248,156903,155655,0,0,0
2827578,5953ff90-17ef-d203-ab4d-738c7657e37c,64,2670290,2823594,2827578,2679878,3984,157288,153304,0,0,0
2828979,b9c8ddd8-8f8d-9ef2-6397-3de4fd414341,64,2670287,2826874,2828979,2681379,2105,158692,156587,0,0,0
2829233,6e4ff4a4-19cb-84c8-9b45-03bce892464d,64,2665053,2827188,2829233,2681473,2045,164180,162135,0,0,0
2832387,fa5fafdb-5123-39fa-aa61-b32f08e1624e,64,2663431,2827578,2832387,2681483,4809,168956,164147,0,0,0
2832519,daea544a-291a-4905-5a29-fe6b590bd0c6,64,2670200,2829233,2832519,2682154,3286,162319,159033,0,0,0
2833428,92262ecf-310f-8eb5-cb2c-4e211dce0e8c,64,2670298,2828979,2833428,2681996,4449,163130,158681,0,0,0
2833849,fc4a013f-c8c2-8cfe-eadf-eef6fb2389d3,64,2656160,2822506,2833849,2679321,11343,177689,166346,0,0,0
2834490,1cf85164-113b-776e-d08c-e31e7a7a852e,64,2670294,2832387,2834490,2682160,2103,164196,162093,0,0,0
2835037,b8ddf15d-8ea0-35f0-49cc-253fb4693ec4,32,2670285,2832519,2835037,2682195,2518,164752,162234,0,0,0
2835102,ce67b962-548b-9bb7-df82-00b85b24bb54,64,2670277,2833849,2835102,2682792,1253,164825,163572,0,0,0
2836627,893e2b89-dadf-c499-42e4-bf0140ee131d,64,2670216,2833428,2836627,2682500,3199,166411,163212,0,0,0
2837226,d6a7aa06-2bab-ba12-294f-513fd770a46e,64,2574920,2794896,2837226,2671191,42330,262306,219976,0,0,0
2839128,87935334-fc20-594e-bf7d-a45e35221344,64,2670297,2834490,2839095,2682992,4605,168798,164193,0,0,0
2839276,6b579789-4bb4-9889-f900-5224851031c0,32,2670136,2835102,2839265,2683083,4163,169129,164966,0,0,0
2839417,c4f4b844-46c1-12a5-fec8-8839ec35c3de,64,2670089,2836627,2839417,2683140,2790,169328,166538,0,0,0
2839485,e0222432-7ca5-1928-17dd-06916a71efda,64,2553532,2809288,2839485,2676507,30197,285953,255756,0,0,0
2840057,c4246277-8544-94ab-1a64-f27d0bcfd0fc,64,2670139,2835037,2840057,2683048,5020,169918,164898,0,0,0
2840841,1edbbe71-de2a-2ddf-ee24-9b726aa12abd,64,2670199,2837226,2840841,2683460,3615,170642,167027,0,0,0
2842375,44f4d74f-c629-9ca6-6d07-67746bc5bcd4,32,2670210,2839485,2842375,2684167,2890,172165,169275,0,0,0
2843227,ac735be0-0cee-ddc2-2737-f345388629ff,64,2670138,2839128,2843227,2683766,4099,173089,168990,0,0,0
2844334,3b53f64b-7cd6-1da4-c2ef-da8b38048786,64,2670199,2842375,2844334,2684618,1959,174135,172176,0,0,0
2844974,d387fcd8-cea8-2b7a-1ad4-ac13504089fa,64,2670206,2840057,2844974,2684168,4917,174768,169851,0,0,0
2845788,f3310760-87e6-d238-ad59-2953e24297fc,64,2670151,2843227,2845788,2685024,2561,175637,173076,0,0,0
2846771,034f2029-1545-9b48-5b4e-279bfbab907a,64,2670211,2844334,2846771,2685078,2437,176560,174123,0,0,0
2846831,bce0caef-f17f-a5c0-4e39-f65a20db4294,64,2670286,2845788,2846785,2685693,997,176499,175502,0,0,0
2846891,205c8491-a061-09db-7172-f63648bfb602,64,2670136,2839417,2846876,2684108,7459,176740,169281,0,0,0
2848899,8fde042a-1ee5-6930-3a08-5f6a9e189a98,64,2670291,2840841,2848899,2684317,8058,178608,170550,0,0,0
2849678,73dd3bc6-d064-05a8-5bd2-9cb108453b2f,64,2670290,2846891,2849678,2686221,2787,179388,176601,0,0,0
2852266,f2cffcae-f833-ebfb-2296-e3f171e15b9f,64,2670278,2839276,2852266,2683814,12990,181988,168998,0,0,0
2852929,ccca1e14-c3b8-c80f-8440-8e983d53ec43,64,2674559,2846831,2852929,2686200,6098,178370,172272,0,0,0
2852989,c790b84c-34c9-93ae-8938-279c2aa20c1e,64,2670294,2844974,2852982,2685563,8008,182688,174680,0,0,0
2853954,af3f9d9a-b272-5aa7-9d30-c42e8cf29000,64,2674923,2852929,2853954,2686962,1025,179031,178006,0,0,0
2854042,4bed523c-085f-f4d1-87ea-651b5539562b,64,2674303,2852989,2854042,2687126,1053,179739,178686,0,0,0
2856760,3fd8027f-e755-b655-d916-2e44b0a17621,64,2656127,2852266,2856760,2686677,4494,200633,196139,0,0,0
2856834,f765f8a0-ce43-07c4-2bfd-dbf938498d35,64,2674061,2854042,2856834,2687555,2792,182773,179981,0,0,0
2858727,2fa17fe6-698e-0981-3136-9512916e1089,32,2657711,2849678,2858727,2686354,9049,201016,191967,0,0,0
2859954,331bd602-9dd0-ce04-0485-742a6d22313c,64,2674183,2853954,2859954,2687327,6000,185771,179771,0,0,0
2860125,6c362d23-1916-f984-c510-c97a89fd09b5,64,2674300,2856760,2860125,2687687,3365,185825,182460,0,0,0
2860807,45665e79-1a9a-ab54-e01a-5b5e592fcdc6,64,2670296,2858727,2860807,2688413,2080,190511,188431,0,0,0
2860923,1dd03ecd-0595-c9a3-6c00-46f07957595f,64,2670137,2856834,2860923,2688252,4089,190786,186697,0,0,0
2863017,a19f2485-31c4-6c9e-70be-96304a6333e3,64,2670138,2860807,2863017,2688544,2210,192879,190669,0,0,0
2864623,c09c2ebe-80da-2ed7-880b-cb0ec8ab96ac,64,2670209,2860125,2864623,2688467,4498,194414,189916,0,0,0
2865024,e9ebd446-2622-e0d6-f23d-9820977e5877,64,2675185,2863017,2865024,2689747,2007,189839,187832,0,0,0
2865197,4d156c62-a8cc-6e3b-bae3-438e2f43b2f0,64,2656069,2848899,2865197,2686243,16298,209128,192830,0,0,0
2865840,baff361a-b37e-3c41-1a62-75f5cf590b8e,64,2656980,2846771,2865840,2686053,19069,208860,189791,0,0,0
2866746,294d25fc-0553-9a50-6fac-c50db2904e73,64,2674882,2865024,2866746,2690592,1722,191864,190142,0,0,0
2867621,7800e27a-9ace-63cc-d89c-83f68098580d,64,2670084,2865840,2867621,2691124,1781,197537,195756,0,0,0
2868946,6dc75587-cd40-b648-2353-98a63a6a22d9,64,2670201,2859954,2868946,2688457,8992,198745,189753,0,0,0
2869184,5f13e10b-ff7a-884d-7f96-dd35cca99089,64,2691128,2868946,2869184,2691580,238,178056,177818,0,0,0
2869335,7a5653b3-4354-67e1-8eaf-b35b5f91b1af,32,2670138,2865197,2869335,2691104,4138,199197,195059,0,0,0
2869511,0c941263-190a-40d6-5ea9-f25945c86249,64,2675122,2866746,2869511,2691242,2765,194389,191624,0,0,0
2869820,47fefddb-fbb9-bf21-b32a-322878359656,64,2670200,2860923,2869820,2689244,8897,199620,190723,0,0,0
2872244,a8cf2936-8e81-b2f0-2d47-4c4f08697ffa,64,2674300,2869511,2872244,2691814,2733,197944,195211,0,0,0
2872540,102f4f5c-55e3-9295-2c67-10bd97d46f61,64,2673940,2869184,2872540,2691605,3356,198600,195244,0,0,0
2875652,9247e851-2e0d-3860-7362-f9b74795cd1d,64,2674492,2869820,2875652,2692029,5832,201160,195328,0,0,0
2876524,83601fb5-b45b-bad3-f7d0-eea0211f632b,64,2670151,2869335,2876524,2691660,7189,206373,199184,0,0,0
2876593,099396ff-da1e-72b2-de6a-7c6e961b9221,64,2656922,2867621,2876593,2691575,8972,219671,210699,0,0,0
2877290,60421eb5-ca6b-eccd-3f8b-c509484f0da6,64,2674076,2875652,2877290,2692791,1638,203214,201576,0,0,0
2878001,529b20e0-53bf-8b10-d0cc-c1a51b912adc,64,2670086,2872244,2878001,2692385,5757,207915,202158,0,0,0
2879194,ca90001c-8943-314f-b668-705d1a10748c,64,2670138,2877290,2879194,2693453,1904,209056,207152,0,0,0
2879882,4cad3598-603d-e161-61f0-41d06993e611,64,2670091,2876524,2879882,2693080,3358,209791,206433,0,0,0
2881298,15f0e5ea-4b0a-4742-146e-6a4f2a873e02,64,2673930,2878001,2881298,2693805,3297,207368,204071,0,0,0
2881784,f69072cf-ac7e-5cc6-b0cf-3e7f5c58b8ba,64,2674194,2876593,2881784,2693123,5191,207590,202399,0,0,0
2882852,3a0761d9-0624-ebdf-396c-8f79e983c62e,64,2619392,2864623,2882852,2690104,18229,263460,245231,0,0,0
2883620,9b58e20a-7c8d-8aef-30a0-4e0b3a4d1f57,64,2670278,2881298,2883620,2695801,2322,213342,211020,0,0,0
2885330,4b7a123e-338a-ea2d-3e1c-fa1495d16384,64,2670086,2879194,2885330,2694699,6136,215244,209108,0,0,0
2886092,f9f8f5f4-ce96-c887-f8db-37f6c3bc5ca7,64,2670279,2883620,2886092,2696079,2472,215813,213341,0,0,0
2888701,d45e087f-86d4-aba8-805f-08927c795dd9,64,2670277,2885330,2888701,2696961,3371,218424,215053,0,0,0
2891277,f42050e8-3730-bf79-913a-27afa9179e02,64,2657561,2872540,2891277,2692524,18737,233716,214979,0,0,0
2891809,092385fe-23d3-4d22-3080-bed6bc3e34af,64,2666827,2881784,2891809,2695828,10025,224982,214957,0,0,0
2892183,95a97dd7-bd8f-a26f-1f16-de170f94d562,64,2670140,2879882,2892183,2695362,12301,222043,209742,0,0,0
2894042,31e43850-86a8-1b2b-5c69-ee49712c3126,64,2674316,2891277,2894042,2697527,2765,219726,216961,0,0,0
2894137,e028c315-928f-bbae-38a7-c67868e968cf,64,2670277,2892183,2894137,2698670,1954,223860,221906,0,0,0
2895991,0490eb68-48f8-2df6-0571-dd83938fdb37,64,2670137,2888701,2895991,2697354,7290,225854,218564,0,0,0
2896391,5074ac13-fc0f-94cd-c2eb-baa21ce370ed,64,2700097,2895991,2896391,2702805,400,196294,195894,0,0,0
2896955,794f9276-d454-1573-b70f-9392863daa90,64,2657712,2882852,2896955,2695962,14103,239243,225140,0,0,0
2897045,aba23511-f544-b28c-0bba-d72a8a7e9cce,64,2707861,2896955,2897045,2708857,90,189184,189094,0,0,0
2897397,9347f486-2a44-da88-17f8-5f5bf1e2cce7,64,2708540,2897045,2897397,2709094,352,188857,188505,0,0,0
2897458,eb1313b7-95d1-4b6d-6e9a-e156325cba4e,64,2708344,2897397,2897458,2709184,61,189114,189053,0,0,0
2897571,5e4908c8-290a-42d2-07f9-ee879f35e95d,64,2708952,2897458,2897571,2709479,113,188619,188506,0,0,0
2897782,6b5341c0-2850-c932-d2c0-8ee46a35567d,32,2656018,2886092,2897782,2697225,11690,241764,230074,0,0,0
2897907,3222504f-02bb-6d94-fed5-0d6bbf6494b6,32,2710193,2897782,2897907,2710824,125,187714,187589,0,0,0
2898428,c4bd9b59-7fd9-c96f-ee5a-88566791659c,64,2707984,2897571,2898428,2710637,857,190444,189587,0,0,0
2898593,fee91972-6f7b-93e7-1e19-f0104bf7e012,64,2708042,2897907,2898593,2710866,686,190551,189865,0,0,0
2898653,252151f9-5f39-0d2b-5f25-210ea82e2d61,64,2710152,2898428,2898598,2711227,170,188446,188276,0,0,0
2899159,0890f506-5df1-bf6f-938b-d3f88bd18d4b,32,2710777,2898653,2899159,2711614,506,188382,187876,0,0,0
2899472,e21a47b9-9ad2-4609-506d-5518fc3b9c08,64,2707979,2898593,2899472,2711281,879,191493,190614,0,0,0
2899580,4051dbda-d617-82cb-aabf-1a086b6de0da,64,2711027,2899159,2899580,2711672,421,188553,188132,0,0,0
2899959,7bb8373c-81dd-f3ea-5421-b62c2d31317c,64,2710805,2899472,2899959,2711675,487,189154,188667,0,0,0
2900027,7b6deeca-32f9-bae0-13aa-84b0d65e2bcf,64,2709164,2899580,2900027,2711812,447,190863,190416,0,0,0
2900098,2efcd60c-5256-cd59-857f-2f3e61a90fb1,32,2711140,2900027,2900098,2712139,71,188958,188887,0,0,0
2900158,7647f43f-59a1-4829-2cef-781debfdb100,64,2488294,2763151,2900150,2639917,136999,411856,274857,0,0,0
2900446,06b4ed27-2f4b-8be8-21ac-fdb51b555f6d,64,2710354,2900098,2900446,2712197,348,190092,189744,0,0,0
2900506,b88e33d1-6c10-36cd-1249-944e713db204,64,2708489,2900158,2900486,2712385,328,191997,191669,0,0,0
2900947,9cf116dc-c4b0-3ad1-3037-e34da8bb81dc,64,2711153,2900446,2900947,2712497,501,189794,189293,0,0,0
2901146,b68c55b2-79ac-446d-4e03-87ada246ea52,32,2710186,2900947,2901146,2712766,199,190960,190761,0,0,0
2901276,783e40ab-b22a-55a6-0539-1557444122a5,32,2711758,2901146,2901276,2713044,130,189518,189388,0,0,0
2901360,913767ab-4dd8-5715-753f-f3e271fc5136,64,2709773,2899959,2901360,2711923,1401,191587,190186,0,0,0
2902878,37df8dfb-421a-4d96-35f1-e04bc5fe21d6,64,2710161,2901276,2902878,2713194,1602,192717,191115,0,0,0
2904859,8cd1692d-66af-9249-fa98-f602bc059dfb,64,2670279,2891809,2904859,2698020,13050,234580,221530,0,0,0
2908168,ea879f65-279c-058a-321a-6d71782152e0,64,2664472,2900506,2908136,2712641,7630,243664,236034,0,0,0
2908233,35afbb2d-336d-7786-37a3-c30aa1f0fa7a,32,2545550,2762465,2908233,2628580,145768,362683,216915,0,0,0
2908809,70184f95-9e6a-10fa-75d2-36e30d9e9c48,32,2711210,2908233,2908809,2714085,576,197599,197023,0,0,0
2908920,296fc0d7-6a63-2a6b-41d0-d034abfbcc17,32,2713998,2908809,2908920,2714560,111,194922,194811,0,0,0
2908980,2294fa0a-8482-0c08-042c-65ad9883e9b1,64,2712406,2908168,2908977,2714029,809,196571,195762,0,0,0
2909487,343c1752-3caa-a31e-13d3-c72682d33948,64,2712816,2908920,2909487,2714622,567,196671,196104,0,0,0
2909773,592448ee-7ac1-b4f9-0472-f9f6ec6494e0,64,2711893,2908980,2909773,2714860,793,197880,197087,0,0,0
2910353,75eb0e8f-a090-360d-27c7-655a7b434a72,64,2657685,2902878,2910353,2713622,7475,252668,245193,0,0,0
2910534,b2051cec-c9f7-369f-e4c1-d21074be4b20,32,2659966,2901360,2910534,2713245,9174,250568,241394,0,0,0
2910742,90ebba12-9412-ba0f-da1d-3dab54c5f266,32,2713404,2910353,2910742,2715290,389,197338,196949,0,0,0
2911457,77806788-dff1-f5e3-fcba-6c808c7aa939,64,2712359,2910534,2911457,2715498,923,199098,198175,0,0,0
2912487,5e1b015f-6a1c-701b-159b-2b6b32dba028,64,2710139,2909773,2912487,2715285,2714,202348,199634,0,0,0
2913669,cbfd4a31-c8c8-5ad6-82cb-cdc73cd30e99,64,2711253,2911457,2913669,2715721,2212,202416,200204,0,0,0
2913961,b43c7851-e78d-cf32-7e2a-9f7347dfa607,64,2654275,2904859,2913961,2713835,9102,259686,250584,0,0,0
2914496,ead1d758-b319-f18d-2ef0-3a1b645f273c,64,2712648,2913961,2914496,2716417,535,201848,201313,0,0,0
2918087,4312153d-484f-7f7c-244f-52f41b696031,64,2681169,2912487,2918087,2715889,5600,236918,231318,0,0,0
2921984,0a199083-d83e-262a-f1ca-680c9a178669,64,2711291,2918087,2921984,2716719,3897,210693,206796,0,0,0
2923752,4ba99d78-b498-75d0-a5b1-c79954cecee7,64,2664422,2894137,2923730,2701274,29593,259308,229715,0,0,0
2924453,e8fe6095-2cb3-7e23-9a94-0c6c1c8e806b,64,2628654,2896391,2924453,2706777,28062,295799,267737,0,0,0
2927683,b9076ff3-263a-484e-2048-ba6e72ec6f04,64,2711491,2923752,2927683,2717128,3931,216192,212261,0,0,0
2928271,650c4a03-af1f-1779-127b-a660bb335cf7,64,2711772,2927683,2928271,2718545,588,216499,215911,0,0,0
2928494,b85f164b-6160-3399-d307-3198bc3eb402,64,2715654,2928271,2928494,2718689,223,212840,212617,0,0,0
2928761,a9c3640d-e411-a9d7-9030-fb0c45d5aacb,64,2716730,2928494,2928761,2718917,267,212031,211764,0,0,0
2932512,418495a4-b777-dcb9-a97c-696b356766ec,64,2711462,2928761,2932512,2719281,3751,221050,217299,0,0,0
2937803,2d8cc973-43c1-136c-d013-b7a3f4a29332,64,2681832,2913669,2937803,2716046,24134,255971,231837,0,0,0
2937880,069d887f-9ad8-cfa7-f7f9-0812bf9bd810,64,2670080,2924453,2937880,2717889,13427,267800,254373,0,0,0
2939818,ef4c113d-c35f-4e12-3bfb-48d5e09f6e24,64,2671178,2921984,2939818,2716886,17834,268640,250806,0,0,0
2940832,eab10bcf-64c4-0063-ad68-53c64cd3a6a4,64,2709458,2937880,2940832,2721861,2952,231374,228422,0,0,0
2941610,8bf160df-8346-452b-8073-aa66d7b4db17,32,2659838,2932512,2941610,2719831,9098,281772,272674,0,0,0
2945105,6cbdd931-2f90-0058-39ca-28265af56a23,64,2714350,2937803,2945105,2721545,7302,230755,223453,0,0,0
2946223,bea17713-fe36-b4bf-f9e4-21bc1120653d,64,2670080,2940832,2946223,2722027,5391,276143,270752,0,0,0
2946366,afd5b90b-41a6-7c90-291c-0da1a5630d3a,64,2681845,2909487,2946366,2715230,36879,264521,227642,0,0,0
2948431,3d9ffe59-9bc0-fa93-52cd-adefb9d276f4,64,2695039,2932512,2948431,2719986,15919,253392,237473,0,0,0
2949673,71ab4711-6279-4a6e-61f1-4c98dcdeadc8,64,2579755,2894042,2949665,2699090,55623,369910,314287,0,0,0
2949853,3b20d154-6ff9-8cf7-288f-c36a846c454c,64,2718893,2948431,2949825,2723165,1394,230932,229538,0,0,0
2949913,66d4b394-61a7-1114-d994-f7ba4b7faa4c,64,2722628,2949673,2949913,2723194,240,227285,227045,0,0,0
2950545,16e7bff3-d2a6-0853-8c50-1e6e27ad082f,64,2713413,2945105,2950545,2722305,5440,237132,231692,0,0,0
2950699,ab00764e-4ac8-1bda-e002-8f9a3b5d5c9c,64,2708747,2939818,2950699,2721906,10881,241952,231071,0,0,0
2950821,6d4772f8-d46a-77af-2a73-6a676c461d48,64,2711589,2946223,2950821,2722964,4598,239232,234634,0,0,0
2953385,d98f5e83-cf5b-294d-d2cc-48539cef5ef4,32,2712450,2950545,2953385,2729173,2840,240935,238095,0,0,0
2954984,bec62bbe-4d7e-c4b1-4001-8cbe54492845,64,2710756,2950545,2954984,2730573,4439,244228,239789,0,0,0
2958870,8d87b7be-271d-d0f1-8985-c98d985defc4,64,2711106,2954984,2958870,2733418,3886,247764,243878,0,0,0
2960096,30799b56-576f-f264-1182-e8e7c9070c97,64,2670080,2946366,2960096,2723124,13730,290016,276286,0,0,0
2962590,5cc53673-d165-4869-fcde-b1c8b028bafc,64,2715654,2960096,2962590,2733793,2494,246936,244442,0,0,0
2964523,d91738f8-0ad1-c18c-f53f-091e8a9e0964,64,2681817,2949853,2964523,2725871,14670,282706,268036,0,0,0
2964663,35b33f54-2513-1cd4-e5b0-15b44a84525f,64,2734790,2964523,2964663,2736447,140,229873,229733,0,0,0
2969583,79004406-b1e5-8a88-29ad-b01daa3e009c,64,2714350,2962590,2969583,2734117,6993,255233,248240,0,0,0
2970881,48c08d33-46f4-dccb-b835-de289fd60efb,64,2709934,2950699,2970881,2731571,20182,260947,240765,0,0,0
2979301,35b86d0a-864f-36dd-69ec-09d586eced99,64,2670080,2950821,2979301,2733355,28480,309221,280741,0,0,0
2980754,6726f5b4-4175-11f4-63db-0deaac48ceaf,64,2710589,2969583,2980754,2738277,11171,270165,258994,0,0,0
2982620,d1e2b878-c576-c26d-98ae-0666d066ad21,64,2715957,2979301,2982620,2739664,3319,266663,263344,0,0,0
2985636,b546c5c0-d6de-70c5-2ce4-599df92408c3,64,2708664,2980754,2985636,2739790,4882,276972,272090,0,0,0
2986202,fd06a179-7980-3efa-4da0-8e483531518a,64,2681858,2982620,2986202,2744346,3582,304344,300762,0,0,0
2995204,2803feb5-dab6-c73d-8fef-f87b79d54e9f,64,2709426,2986202,2995204,2745976,9002,285778,276776,0,0,0
2997501,2024c407-3447-c34a-f032-c262243b7101,64,2323680,2323680,2997501,2716668,673821,673821,0,0,0,0
2997984,fdf02450-585b-4b17-6d9b-1eb118ebeed7,64,2745750,2997501,2997984,2747488,483,252234,251751,0,0,0
2999090,c44ba50d-cb6c-da6e-bb95-8291f3dd69d1,64,2745751,2997984,2999090,2747696,1106,253339,252233,0,0,0
3000343,6f2537ce-a206-527c-3c68-41d61ce8e12f,64,2718833,2985636,3000343,2745476,14707,281510,266803,0,0,0
3000936,5b5dc6ed-ef45-89fb-5955-5d44b245e656,64,2745750,3000343,3000936,2747890,593,255186,254593,0,0,0
3000996,decc0209-93cd-fce8-ef69-e0858c871a3a,64,2745750,2999090,3000975,2747751,1885,255225,253340,0,0,0
3001848,4da7f632-0244-7c10-87d0-1cf295e81a39,64,2746133,3000996,3001848,2748659,852,255715,254863,0,0,0
3001944,59e110eb-1f09-6b9d-6969-29b20513eda8,64,2745751,3000936,3001944,2748296,1008,256193,255185,0,0,0
3002612,ad9112c5-f5ea-4128-854d-c3bf61d85365,64,2745751,3001848,3002612,2748730,764,256861,256097,0,0,0
3003363,90c0e607-4a63-3fc3-d26a-ab2718ef2501,64,2745750,3001944,3003363,2748820,1419,257613,256194,0,0,0
3003866,fe3f5662-0468-0a4a-61e5-835e3e9f069a,64,2745750,3002612,3003866,2749223,1254,258116,256862,0,0,0
3006972,f7eefd84-b31c-8349-5799-2f42351b3e63,64,2696997,2970881,3006972,2738302,36091,309975,273884,0,0,0
3007091,08560684-8a6f-c4b3-f08d-312e7a732f35,64,2746133,3003866,3007091,2749496,3225,260958,257733,0,0,0
3007828,6a7330b3-ecfa-1700-6790-eee07dcfe924,64,2746724,3006972,3007828,2749640,856,261104,260248,0,0,0
3009959,81b85934-af37-8cf9-2f2b-5e3109db40a9,64,2746686,3007828,3009959,2749777,2131,263273,261142,0,0,0
3011769,43af6c46-a46b-3932-0de8-4b635856e1fc,64,2746581,3009959,3011769,2749852,1810,265188,263378,0,0,0
3013371,8a257159-3d17-0879-55bd-f39efb334e61,64,2746406,3011769,3013371,2749857,1602,266965,265363,0,0,0
3016573,29f5010c-8b6a-4c97-78f4-223bd21a5375,64,2747079,3013371,3016573,2749921,3202,269494,266292,0,0,0
3017411,6ce763e1-708f-75a1-cea6-e9bc82ff1dad,64,2746330,3016573,3017411,2750060,838,271081,270243,0,0,0
3019144,35f2e254-3e14-4f6a-6bcb-b347e9b758ee,64,2744768,3017411,3019144,2750080,1733,274376,272643,0,0,0
3019448,69b6f3b7-fe5b-9fc9-c0b4-f6d67ef6775b,64,2654274,2964663,3019448,2737385,54785,365174,310389,0,0,0
3021288,97f483d6-74d9-9fb1-9dda-4e36cf292101,64,2746520,3019448,3021288,2750924,1840,274768,272928,0,0,0
3021429,559a8f54-c559-cd0f-ebff-c53f0e50f355,64,2670090,2995204,3021429,2746458,26225,351339,325114,0,0,0
3022430,06103d84-2672-a20c-c66a-5821ceb7f2d6,64,2745320,3021288,3022430,2751893,1142,277110,275968,0,0,0
3023277,6e76936a-a634-0d1a-adb6-10f4c65de86e,64,2747113,3022430,3023277,2752919,847,276164,275317,0,0,0
3023517,fb66bcaf-47be-30eb-836f-ad3831286dc8,64,2744835,3019144,3023517,2750246,4373,278682,274309,0,0,0
3023756,c55fa445-f09e-0302-b525-a4d983f023fd,64,2747838,3023277,3023756,2752963,479,275918,275439,0,0,0
3025121,7b2413e8-005f-b765-575f-310891653dbc,64,2746743,3023517,3025121,2753059,1604,278378,276774,0,0,0
3026208,2e2f2127-babf-3375-f17f-b7867d929cc0,32,2746469,3025121,3026208,2753551,1087,279739,278652,0,0,0
3027012,c4c557d8-ee23-5eb0-85f6-2467a6c1d136,32,2747838,3026208,3027012,2753953,804,279174,278370,0,0,0
3027198,0413d049-52a0-628b-2b25-a58af5953b2e,32,2745373,3025121,3027198,2753501,2077,281825,279748,0,0,0
3029141,9d37c5a6-bd8e-880c-923c-cd6417576cc8,64,2670093,3003363,3029112,2749442,25749,359019,333270,0,0,0
3029789,e9b1c4a1-da22-1b85-a9b9-2a1d457498ca,64,2745431,3029141,3029789,2754455,648,284358,283710,0,0,0
3030137,4a229ba5-925f-2cc6-5e9d-2f8a1ef11a27,64,2754084,3029789,3030137,2754934,348,276053,275705,0,0,0
3030247,1bbcb748-bb55-cfa3-2e26-651915f87768,64,2754285,3030137,3030247,2754939,110,275962,275852,0,0,0
3030338,9794b389-37c2-3f27-9267-e7e628f5f5c2,64,2548972,2958870,3030338,2733443,71468,481366,409898,0,0,0
3030629,ff3c6d4e-a1dc-9cab-0e21-3ce5668eb10e,64,2710588,3027012,3030625,2754407,3613,320037,316424,0,0,0
3030698,62524390-52a3-069d-4906-9da96d3b867c,64,2754252,3030629,3030698,2755258,69,276446,276377,0,0,0
3030812,ba098484-f5a7-620d-6d6d-91e193ed82c5,64,2754277,3030338,3030812,2755211,474,276535,276061,0,0,0
3030905,8ff01845-0f90-cd63-68b4-9b00c86768b2,64,2755166,3030812,3030905,2755635,93,275739,275646,0,0,0
3030965,83d04bac-21e3-8238-12b1-178bfd6c47e3,64,2755099,3030905,3030950,2755696,45,275851,275806,0,0,0
3031093,8390bd94-8713-b81f-c2f8-6229972c8583,64,2748536,3030247,3031093,2754991,846,282557,281711,0,0,0
3032331,b8ba61b8-41c1-7233-bf2c-1fd1f34ab83d,64,2708470,3021429,3032331,2751935,10902,323861,312959,0,0,0
3032422,7a2f2c57-94ce-23b7-c2fd-7e2d95eef403,64,2754747,3032331,3032422,2755863,91,277675,277584,0,0,0
3032857,04d07f29-13e6-75fd-1c99-d366c8b62c18,64,2744831,3031093,3032857,2755792,1764,288026,286262,0,0,0
3033000,dd23ff41-dae1-3586-2358-755cbc5c3cd8,64,2670080,3007091,3033000,2749759,25909,362920,337011,0,0,0
3033085,b7f330ad-c4d1-c310-240f-92a4a77af8cb,64,2755271,3032857,3033085,2756088,228,277814,277586,0,0,0
3033183,33013b08-7b48-7db6-460f-01a54480d02d,64,2755572,3033000,3033183,2756171,183,277611,277428,0,0,0
3033767,608bb508-69e4-4d26-d2d4-7ec76a77982b,64,2709946,3023756,3033767,2753141,10011,323821,313810,0,0,0
3034813,21249735-f254-6c17-7a90-c4868d2a3484,64,2745782,3033085,3034813,2756236,1728,289031,287303,0,0,0
3035075,a1d770ea-c704-e80e-a246-6cd702ed5d15,64,2745015,3030698,3035075,2755549,4377,290060,285683,0,0,0
3035409,716ca1f2-dec0-0f3a-dc46-1b34c7eab19b,64,2755742,3035075,3035409,2756819,334,279667,279333,0,0,0
3035789,63719357-f7a5-8f8d-f689-c4c22ca26887,64,2753942,3034813,3035789,2756506,976,281847,280871,0,0,0
3035995,b8f73fad-9937-c931-c333-59b960857b5f,64,2635129,2949913,3035995,2726406,86082,400866,314784,0,0,0
3036055,e214d458-f0dd-3de0-fa63-bde0cf0d3f06,64,2756997,3035789,3036006,2757750,217,279009,278792,0,0,0
3036409,c9c1ad45-f4ea-6b97-6aa4-15b56336c815,64,2745683,3032422,3036379,2756081,3957,290696,286739,0,0,0
3036978,1122e28f-6c18-eb52-b3b9-66e28eaa0112,64,2745250,3033183,3036978,2756241,3795,291728,287933,0,0,0
3038127,32d9ec3e-6630-8af8-7044-9b5172624be8,64,2745016,3035995,3038127,2757873,2132,293111,290979,0,0,0
3038468,d655005d-ce52-1176-166e-46aefed01fca,64,2733404,3036055,3038468,2757988,2413,305064,302651,0,0,0
3038774,4cb22b3d-c2d6-f712-e152-9522c1afd792,64,2753479,3036409,3038774,2758081,2365,285295,282930,0,0,0
3039051,0f5c365a-27e8-3b87-1c7b-f8eb4969b2a1,64,2755929,3038127,3039051,2758250,924,283122,282198,0,0,0
3039303,e67410de-479f-b5f3-d3b6-81500205e16a,32,2755851,3039051,3039303,2758373,252,283452,283200,0,0,0
3039468,e2901d96-c993-f819-a7a5-81e8610114f4,64,2744890,3038774,3039468,2758291,694,294578,293884,0,0,0
3040394,3737cc38-166c-dd33-8f9f-dc15dfd23d15,32,2755877,3039468,3040394,2758718,926,284517,283591,0,0,0
3040866,52891c31-f2de-05fd-28b7-b5418d8b3728,64,2755061,3039303,3040866,2758514,1563,285805,284242,0,0,0
3040926,2cabb9ad-a15d-d7c4-3a38-204b2091a706,64,2733442,3030965,3040880,2755770,9915,307438,297523,0,0,0
3042225,5f0b5135-8566-38c8-a173-e27437fc511b,64,2745614,3038468,3042225,2758269,3757,296611,292854,0,0,0
3042488,df15e667-6812-a17c-9946-601e90b84f94,32,2745652,3040394,3042488,2758830,2094,296836,294742,0,0,0
3042554,da4a9d0b-d18e-e31b-b35d-8adb6c4928d4,64,2755878,3042225,3042554,2759562,329,286676,286347,0,0,0
3042833,e489149f-6e5c-9ae7-7e52-c22ca2070bf3,64,2757203,3042488,3042833,2759644,345,285630,285285,0,0,0
3043490,be901a64-a0cc-5d31-ce22-efcfd02b4c3a,32,2759120,3042833,3043490,2761604,657,284370,283713,0,0,0
3043550,fe85544c-3e85-9c67-5855-e4a0bfea3d2a,64,2745269,3040866,3043514,2758887,2648,298245,295597,0,0,0
3046303,569b111f-15b4-066e-11d0-12a7f19293c9,64,2733874,3042554,3046303,2761255,3749,312429,308680,0,0,0
3046817,f90c9f84-b184-071c-7b35-b9f96c80423a,64,2731246,3043550,3046817,2762557,3267,315571,312304,0,0,0
3047492,d9a3ac28-e346-c1b7-9589-9035c0c6e3ff,32,2756888,3046817,3047492,2763018,675,290604,289929,0,0,0
3048109,81c974a0-ed6a-e39f-b560-4484937749f6,32,2759922,3047492,3048109,2763155,617,288187,287570,0,0,0
3049955,e7354db2-5ce4-124b-b35b-9f78f55f2e80,64,2731393,3043490,3049955,2762183,6465,318562,312097,0,0,0
3050274,e1789474-380d-4643-c891-e9bcd83060dc,64,2670079,3040926,3050274,2759357,9348,380195,370847,0,0,0
3050578,01ae7eb1-4d45-7ea5-e3ec-4f6afe503fdc,64,2745316,3046303,3050578,2762855,4275,305262,300987,0,0,0
3050673,9e15ebcc-66d1-37f6-0659-010a4ede79b6,64,2756846,3050274,3050673,2764597,399,293827,293428,0,0,0
3050757,741a5b09-a63f-63ea-ac85-2cc75eb00e6f,64,2670080,3036978,3050757,2758128,13779,380677,366898,0,0,0
3053177,8f8d4107-c4d5-ac13-f561-d900aa52cdf3,32,2670090,3036409,3053177,2758076,16768,383087,366319,0,0,0
3053821,05aa5eab-88f3-d7ea-f83f-52740cb4afe1,64,2733401,3049955,3053821,2764546,3866,320420,316554,0,0,0
3054291,ff70abaa-80e5-1b3d-90be-35ee397e241d,64,2756846,3053177,3054291,2766701,1114,297445,296331,0,0,0
3054939,7bd50aeb-6791-11dd-4cc7-cda21f2f087d,64,2732678,3050578,3054939,2764599,4361,322261,317900,0,0,0
3055015,108fd94b-b294-a9b6-a53d-ff523e7b8fb1,64,2762605,3053821,3055015,2767443,1194,292410,291216,0,0,0
3056620,adc90caa-7000-f93b-7db8-ed7140a3823b,32,2759920,3054291,3056620,2767990,2329,296700,294371,0,0,0
3058591,a9230810-c346-04f9-8bed-0104929ea405,64,2670081,3033767,3058591,2756487,24824,388510,363686,0,0,0
3060483,c5f833cf-f4ce-8477-f8bc-a9ac2ada62ce,32,2759187,3058591,3060483,2771925,1892,301296,299404,0,0,0
3063237,52a80809-20d1-9fc0-41c1-aee2e7235658,32,2731610,3050757,3063237,2766564,12480,331627,319147,0,0,0
3065160,ca3e7f3a-51a0-b33c-0d13-c33bc80aa7cf,64,2735206,3050673,3065160,2766268,14487,329954,315467,0,0,0
3067362,aedb3046-595b-9abc-1b97-23324a9b37f0,64,2732677,3055015,3067362,2770162,12347,334685,322338,0,0,0
3067562,a2ef0f53-8138-3447-2376-324fc30f3c69,64,2733630,3065160,3067562,2773522,2402,333932,331530,0,0,0
3067693,6553b96b-ab96-5b35-a263-7d77c186cbce,64,2774753,3067562,3067693,2775131,131,292940,292809,0,0,0
3068584,5c230306-c3f9-f409-e9a7-480095ef8b1b,64,2733319,3060483,3068584,2772144,8101,335265,327164,0,0,0
3068737,2869b5ee-df18-e065-df58-64d511655b1e,64,2776140,3068584,3068737,2776602,153,292597,292444,0,0,0
3068834,584f218a-39dd-11e1-e222-c7758f24da7e,64,2775479,3068737,3068834,2776802,97,293355,293258,0,0,0
3069036,c2b2315d-d608-e6ac-9cf2-f216539cbe4f,64,2775701,3068834,3069036,2776920,202,293335,293133,0,0,0
3069161,88433a38-46d2-8109-495c-7ac8314aabdd,32,2776072,3069036,3069161,2777047,125,293089,292964,0,0,0
3069299,225f52ab-5425-04b8-e098-d2e3bd3fdb62,32,2776202,3069036,3069299,2777011,263,293097,292834,0,0,0
3069380,0b34fc84-1111-ee29-a8ad-153985f0786a,64,2776099,3069161,3069380,2777122,219,293281,293062,0,0,0
3069509,5199839c-d0de-4fb6-458c-6c02bf409640,32,2776280,3069380,3069509,2777196,129,293229,293100,0,0,0
3069743,51251262-85a0-daf6-d6b1-ba8c4fcf9f89,64,2776390,3069380,3069743,2777393,363,293353,292990,0,0,0
3069991,92004957-b161-fd16-e9a0-02a45acd1e90,64,2776880,3069743,3069991,2777534,248,293111,292863,0,0,0
3070888,9b3b5b4c-ff2a-50c0-5ab3-83c9e88188c3,64,2733072,3056620,3070888,2770239,14268,337816,323548,0,0,0
3071250,2ae2c9d1-365d-395b-6707-9421cfd2be23,64,2619254,3035409,3071250,2757628,35841,451996,416155,0,0,0
3071585,f7bce0ef-72c1-e68e-9390-6193490ce315,64,2776394,3070888,3071585,2779148,697,295191,294494,0,0,0
3071645,db95e988-3398-b604-a9c2-371e71836f01,64,2733929,3054939,3071587,2770059,16648,337658,321010,0,0,0
3071645,f485e944-3142-e0c7-15cc-861a8f31bf2e,64,2776224,3071250,3071622,2779221,372,295398,295026,0,0,0
3071810,34da1f50-b1a7-fe09-061a-1396716728ee,64,2777877,3071585,3071810,2779351,225,293933,293708,0,0,0
3072126,844e2e8b-ff01-8ec6-dec7-8f9ebed64914,64,2776784,3071645,3072126,2780032,481,295342,294861,0,0,0
3072439,62821d61-3fbb-ff57-b6f5-6f1cc4a531cd,64,2777187,3071810,3072439,2780053,629,295252,294623,0,0,0
3072499,3354b4be-42c9-1aaf-6be1-3e78568a220d,64,2772744,3069991,3072495,2778461,2504,299751,297247,0,0,0
3072646,10168d65-4f90-f91a-5448-10de2a1b76e3,64,2759119,3071645,3072646,2779847,1001,313527,312526,0,0,0
3073470,372f9fb6-041b-4c79-c014-680432de3097,32,2778465,3072499,3073470,2781355,971,295005,294034,0,0,0
3073530,13e9e070-52c6-4562-0010-2dc0dfe6b589,64,2772826,3072126,3073503,2780221,1377,300677,299300,0,0,0
3073590,69d1b037-0385-c534-b23b-be88d478f5dc,32,2776863,3072439,3073567,2780921,1128,296704,295576,0,0,0
3075002,3aeceaf8-5a00-d0f2-84d1-6f5e71cb19b3,64,2776898,3072646,3075002,2781699,2356,298104,295748,0,0,0
3075422,cd88e44e-23c4-3184-348e-90aed680b541,32,2781409,3075002,3075422,2783866,420,294013,293593,0,0,0
3076158,457f4a84-1133-ded4-81e6-0c4c545b19ba,32,2780392,3075422,3076158,2783906,736,295766,295030,0,0,0
3077110,da2a5b5f-6796-4bd9-a9c6-d4e3e07eaf26,64,2670092,3048109,3077110,2764489,29001,407018,378017,0,0,0
3077404,ab987d93-53bd-8128-22f0-6403eac97d37,32,2784109,3077110,3077404,2784812,294,293295,293001,0,0,0
3080621,15b5bc25-eb7c-d628-ecb9-48f7ec5eac70,64,2747807,3067362,3080621,2775113,13259,332814,319555,0,0,0
3082135,af194390-1c28-5022-880e-6ddd1fe72d21,32,2784121,3080621,3082135,2785085,1514,298014,296500,0,0,0
3085399,dfcc8eb4-bfbe-0892-23ce-37db7cb8b49d,32,2747139,3075002,3085399,2782968,10397,338260,327863,0,0,0
3087370,3487246c-21f9-c072-fe22-eba1ad3d581e,64,2731489,3073530,3087370,2782446,13840,355881,342041,0,0,0
3087430,b5e9489c-a331-c4b0-7181-38900e592949,64,2731686,3077404,3087417,2784917,10013,355731,345718,0,0,0
3088876,a70a409d-ac50-c260-f0f2-4933d544c79b,64,2784453,3087430,3088876,2785503,1446,304423,302977,0,0,0
3089271,8d9957fa-76fe-acd6-517e-7f4a0f8593c3,64,2784653,3088876,3089271,2785533,395,304618,304223,0,0,0
3091080,98cb3cb4-e2f7-e7ea-4cf2-fdf8ec1f5d97,64,2733073,3087370,3091080,2785479,3710,358007,354297,0,0,0
3091783,83d03e33-3296-c4c0-4201-938b971444b7,64,2723891,3072439,3091783,2781282,19344,367892,348548,0,0,0
3092323,aed0cbcf-c630-5536-b677-9a11e403999b,64,2747346,3073470,3092323,2782314,18853,344977,326124,0,0,0
3092972,0ab74b5d-fcd4-9681-ca09-7b17951b2503,64,2784572,3092323,3092972,2787125,649,308400,307751,0,0,0
3095923,e94053af-d488-edff-dc35-25775193412d,64,2733627,3082135,3095923,2785369,13788,362296,348508,0,0,0
3096138,9b6fbe20-4b3a-9a83-6286-16f4bbf9a04b,64,2784523,3092972,3096138,2787731,3166,311615,308449,0,0,0
3096894,a5accd5a-48f1-8eed-6703-7089c78cd2c3,64,2746733,3076158,3096894,2784360,20736,350161,329425,0,0,0
3097148,fdab0afa-dbc7-945d-4994-41c5ad8f6932,64,2789195,3096894,3097148,2789593,254,307953,307699,0,0,0
3097262,597278c5-1789-be63-6746-5743897b303d,64,2789144,3097148,3097262,2789703,114,308118,308004,0,0,0
3097452,f7e47c8c-9628-e429-0a81-870a1ecf8aec,64,2670091,3067693,3097452,2775945,29759,427361,397602,0,0,0
3098522,d4ec0595-3ff0-9d13-add7-1599e9fedd48,64,2784293,3095923,3098522,2788943,2599,314229,311630,0,0,0
3099747,db9eb2e6-18f4-26dd-5071-ce940ff48fe8,64,2759158,3089271,3099747,2785806,10476,340589,330113,0,0,0
3099819,b3932fb8-4fd4-c793-016f-2931fa1b1bac,64,2789928,3099747,3099819,2790397,72,309891,309819,0,0,0
3100428,5450c61f-10e2-b676-6822-d1288c61e59f,64,2784867,3097262,3100428,2790226,3166,315561,312395,0,0,0
3100593,181af69a-16cf-a211-54f0-327b1e978ef7,64,2785684,3097452,3100593,2790317,3141,314909,311768,0,0,0
3100665,d7f64255-cf97-9ff0-7afd-0718ebced334,64,2790120,3100593,3100665,2791006,72,310545,310473,0,0,0
3100910,ddbb3fa4-0679-c4f2-2d92-38a459225b53,64,2790310,3100665,3100910,2791072,245,310600,310355,0,0,0
3102596,78e00f78-2cda-a0b2-3d43-c4fedfe91357,64,2735211,3096138,3102596,2789272,6458,367385,360927,0,0,0
3102737,506801b9-c22a-899a-71b3-1c9198063af9,64,2790444,3102596,3102737,2791148,141,312293,312152,0,0,0
3102834,939d1b61-20d1-20ae-b0f9-08d240c06d72,64,2790290,3102737,3102834,2791262,97,312544,312447,0,0,0
3104111,60094db3-b265-293e-4531-4fd0ac01e53d,64,2779831,3099819,3104111,2790591,4292,324280,319988,0,0,0
3104322,394b5d35-df37-7ff8-5532-7432b118cad6,64,2790226,3104111,3104322,2791382,211,314096,313885,0,0,0
3104611,279163f4-0208-8c91-8f90-9d9dd23c7585,64,2785109,3102834,3104611,2791332,1777,319502,317725,0,0,0
3104673,b62a7941-59dc-be0f-f168-5db847d28391,64,2790985,3104611,3104673,2791884,62,313688,313626,0,0,0
3104733,4c1e172a-15e9-bee4-4e14-39774d126ab1,64,2788312,3104322,3104682,2791812,360,316370,316010,0,0,0
3104903,581ab26c-e8c3-5a79-504e-54acbe216c79,32,2790016,3104733,3104903,2792031,170,314887,314717,0,0,0
3105541,b371d64d-fe87-a17b-4376-bff9dd3a0936,64,2789226,3104673,3105541,2791973,868,316315,315447,0,0,0
3106014,75dacbbe-09a9-161a-1823-3383279b637c,64,2734046,3091783,3106014,2786412,14231,371968,357737,0,0,0
3106489,51f4a724-9950-3858-08ca-c260b3f5a21c,64,2784871,3100910,3106489,2791091,5579,321618,316039,0,0,0
3106908,a87d21ff-f1fa-7e6a-fa23-6dbb6c4d1774,32,2791177,3106489,3106908,2792772,419,315731,315312,0,0,0
3107010,d47ffd35-751a-5b9a-f99f-5c063a24de17,64,2670079,3098522,3107010,2790364,8488,436931,428443,0,0,0
3107132,c5954f39-cc5d-86e4-bbc1-0bbeed1c4d70,64,2790983,3106908,3107132,2792821,224,316149,315925,0,0,0
3107977,15263fef-7c65-dbfb-483f-ca724a1a7c2e,64,2670079,3091080,3107977,2786223,16897,437898,421001,0,0,0
3108378,3e3869e2-0df6-3417-bd55-38c71cc464ed,64,2788373,3107010,3108378,2792885,1368,320005,318637,0,0,0
3108545,3862abcf-db34-37bb-690a-a98bfa87fba5,64,2785536,3104903,3108545,2792482,3642,323009,319367,0,0,0
3109008,cfd42949-e33e-a976-5862-5813b28d7506,32,2790440,3108545,3109008,2793595,463,318568,318105,0,0,0
3109503,dc05ae03-d3f4-71e7-2cba-1bc6289a5e38,64,2788384,3107977,3109503,2793552,1526,321119,319593,0,0,0
3110331,6bca4f86-6500-f793-2238-dfc60a4e3ccf,64,2783797,3107132,3110331,2793123,3199,326534,323335,0,0,0
3111052,68054a24-f785-dcc1-38e5-91c417d2efe7,64,2785051,3105541,3111052,2792574,5511,326001,320490,0,0,0
3111160,e0b4659a-09fe-4cdd-998d-65ba9d6022c5,64,2785169,3109008,3111160,2793697,2152,325991,323839,0,0,0
3112506,18e824e9-cb2f-bbc3-d21b-f7334eada8d3,64,2784583,3111052,3112506,2794597,1454,327923,326469,0,0,0
3113475,6070b244-c5c0-1d05-2d37-ba8ce7c8f28d,64,2785108,3110331,3113475,2794221,3144,328367,325223,0,0,0
3114174,4f10aae3-b518-174f-c587-4243cbd10fdc,64,2790528,3112506,3114174,2796063,1668,323646,321978,0,0,0
3114234,690a7b80-af8d-888d-9811-70c1d8d2660e,64,2785748,3111160,3114199,2795452,3039,328451,325412,0,0,0
3114557,c70c15e3-b51e-e0dd-5ec2-322ff978d269,64,2793109,3113475,3114557,2796187,1082,321448,320366,0,0,0
3115292,cf3ee4aa-594f-fd27-5dcd-0d40d6415102,64,2747636,3109503,3115292,2793752,5789,367656,361867,0,0,0
3115738,6d658f44-6928-cf38-a469-db2c1e8343bf,64,2785459,3114234,3115738,2796950,1504,330279,328775,0,0,0
3116395,2c21f1ed-f4a9-85b0-11c3-7e19dbfeed4a,64,2747991,3106014,3116395,2792688,10381,368404,358023,0,0,0
3116792,d145bd7f-d15b-5a37-105f-86aa974e8f83,64,2785109,3115292,3116792,2797795,1500,331683,330183,0,0,0
3117021,33a51ac6-c461-994d-609c-fe40c5bca449,64,2780613,3115738,3117021,2797812,1283,336408,335125,0,0,0
3117419,076451d3-275d-d459-52d3-6897d6442365,64,2731190,3100428,3117419,2790738,16991,386229,369238,0,0,0
3117687,db9a0eb7-b48c-531b-4eeb-87ffc064f074,64,2784656,3114557,3117687,2797225,3130,333031,329901,0,0,0
3117962,1d2d1771-6e3d-2494-5675-c8f3104c6350,64,2785634,3117021,3117962,2798473,941,332328,331387,0,0,0
3118106,ca77736e-80fd-963d-f3d3-6295ee6bcb89,64,2791225,3116395,3118106,2797894,1711,326881,325170,0,0,0
3118831,5719d3e4-16d1-d768-1c83-90ba1672380e,64,2793625,3117419,3118831,2798835,1412,325206,323794,0,0,0
3118891,5fcf5c22-b9b0-3c1a-baf9-706d802ddcc4,64,2794968,3117687,3118876,2799417,1189,323908,322719,0,0,0
3119562,0c90e028-4185-300d-971d-f5fdb38950ce,32,2800122,3118891,3119562,2802598,671,319440,318769,0,0,0
3119690,3464fd00-ea21-0067-ccf1-493afbb8704e,64,2785170,3114174,3119690,2796224,5516,334520,329004,0,0,0
3120108,3ef7839f-8df4-097b-d8f8-001856fe4769,64,2785639,3116792,3120108,2798354,3316,334469,331153,0,0,0
3122529,82278cac-0cfe-7cdf-e872-c5573d9049bb,64,2794824,3119690,3122529,2803280,2839,327705,324866,0,0,0
3123692,d4018a45-ec1a-1adc-4a36-a7c0f0cc4f56,64,2747314,3118831,3123692,2801671,4861,376378,371517,0,0,0
3126115,5415668e-4f75-c3d1-9610-7189016ff44c,64,2766827,3118106,3126115,2800390,8009,359288,351279,0,0,0
3126465,2ad9c360-84bb-af7a-9711-35452e2fcae7,64,2747981,3117962,3126465,2799589,8503,378484,369981,0,0,0
3127734,df823a94-8114-0235-f5b4-aee10836a865,64,2793629,3122529,3127734,2808333,5205,334105,328900,0,0,0
3127933,6b1d20b9-8954-fc3d-210f-2a8a1c59b736,64,2777943,3123692,3127933,2809075,4241,349990,345749,0,0,0
3129827,d5cf18c2-c418-8fea-801e-59011f16a10e,32,2796571,3127933,3129827,2812162,1894,333256,331362,0,0,0
3132663,8702f4ad-cca3-a4c4-2e49-82cf7c239ebc,64,2747593,3127734,3132663,2811872,4929,385070,380141,0,0,0
3135194,ec1f41ce-57b9-4dfb-af82-e70cb9644e4f,64,2746752,3126465,3135194,2811288,8729,388442,379713,0,0,0
3135274,5e8a35cb-afb7-19ba-996d-9303e3a060f1,32,2824680,3135194,3135274,2825117,80,310594,310514,0,0,0
3136253,c4bfa424-3060-4ccf-f979-549bc44c5c78,32,2824279,3135274,3136253,2825936,979,311974,310995,0,0,0
3136554,30bdf7be-5149-7675-8573-b517cb508544,32,2824295,3136253,3136554,2826823,301,312259,311958,0,0,0
3137909,660237ed-aa42-9203-5c78-4ca4f0e4ca0b,32,2822861,3136554,3137909,2827129,1355,315048,313693,0,0,0
3138337,3ed1d8f8-153d-2c6b-1790-834b8b3236d6,64,2747804,3119562,3138337,2802822,18775,390533,371758,0,0,0
3138678,651a6277-017f-319f-0496-179588ccddbc,64,2747319,3120108,3138678,2805131,18570,391359,372789,0,0,0
3139129,ce3ce7ce-01a6-c260-efc0-8273fd397fe7,64,2823351,3138337,3139129,2827620,792,315778,314986,0,0,0
3139551,8121c051-c09c-a132-8235-00f97e33e68f,64,2823353,3137909,3139551,2827355,1642,316198,314556,0,0,0
3139905,f83811c5-4a32-1d2a-e55e-c749795235ad,64,2824040,3139129,3139905,2828397,776,315865,315089,0,0,0
3140111,1259d654-86ad-ab8e-d63b-ca599d8d2752,64,2823256,3139551,3140111,2828622,560,316855,316295,0,0,0
3140239,b75901d0-3036-781c-c0d9-8272e52e1409,64,2822803,3138678,3140239,2828210,1561,317436,315875,0,0,0
3140658,ba2c43ec-43f8-4fcf-0997-0b27dbdcfb3d,64,2824110,3139905,3140658,2829682,753,316548,315795,0,0,0
3141864,3499a783-9b47-1e77-7133-5445d695847a,64,2824112,3140239,3141864,2830261,1625,317752,316127,0,0,0
3142786,c8a6a005-2463-463c-2493-16b4ca8c5366,64,2747137,3126115,3142786,2809889,16671,395649,378978,0,0,0
3144280,b9add00a-ec64-8a9b-3cf1-c29e09b4413c,64,2822777,3141864,3144280,2830913,2416,321503,319087,0,0,0
3145088,53cc6b95-c689-5836-4f73-ab1c860c7b68,64,2823600,3140111,3145088,2830204,4977,321488,316511,0,0,0
3145248,d06d3943-c8b3-815e-7664-704355c9bf0f,64,2822842,3144280,3145248,2831761,968,322406,321438,0,0,0
3145433,a1497b65-cbf7-8eb1-7d7f-2fed7c2ce385,64,2822777,3140658,3145433,2830323,4775,322656,317881,0,0,0
3145879,d4022243-ec35-fb0c-5612-66fbe4a6bf51,64,2830237,3145248,3145879,2833566,631,315642,315011,0,0,0
3145956,567b9583-e679-3a4b-73ce-cf7c90d5e87e,64,2823406,3142786,3145956,2831314,3170,322550,319380,0,0,0
3146380,469ff562-8052-0405-fa84-bb5ffa6e3743,32,2830231,3145956,3146380,2834651,424,316149,315725,0,0,0
3147170,7aededf4-6f30-2743-020e-2e6abcc8509b,64,2823561,3145879,3147170,2834500,1291,323609,322318,0,0,0
3147956,cd602879-f79b-1079-abb8-fe95f077671b,32,2824107,3147170,3147956,2834970,786,323849,323063,0,0,0
3148723,af326af5-78cf-536a-a020-72d991be0c2a,64,2823534,3145433,3148723,2834073,3290,325189,321899,0,0,0
3149807,13fc927f-7237-cf5b-36fc-1c4679ebb8bb,64,2823260,3146380,3149807,2834821,3427,326547,323120,0,0,0
3149946,764d7e7c-8e49-d0f9-2cc5-c9de6a1d9731,32,2838774,3149807,3149946,2839584,139,311172,311033,0,0,0
3150006,386e995d-3b01-4893-3d9d-38e36e078bdc,64,2822862,3145088,3149998,2832078,4910,327136,322226,0,0,0
3150096,1e32e3e1-5058-1a4a-5771-3fff49714ec3,32,2839068,3149946,3150096,2839750,150,311028,310878,0,0,0
3150293,55f8bbb8-c3dc-5b92-f95c-a96d85ee751c,64,2839216,3150006,3150293,2839822,287,311077,310790,0,0,0
3150448,340a22d7-00bb-d543-5c98-fd573c359ce2,64,2839752,3150096,3150448,2840500,352,310696,310344,0,0,0
3150672,47543604-aa9b-64ba-3b4f-068eecad122d,32,2840497,3150448,3150672,2841357,224,310175,309951,0,0,0
3151224,0dfabe46-dbd3-e865-8f38-1c01d5ce0626,64,2838677,3150293,3151224,2840856,931,312547,311616,0,0,0
3151365,698f546d-5f29-0290-d848-5a54531c8812,32,2840388,3151224,3151365,2841828,141,310977,310836,0,0,0
3151837,ab1f5666-f52a-72c4-c1fb-0bf53e8a1072,32,2840332,3151365,3151837,2842156,472,311505,311033,0,0,0
3154878,0265a223-71cf-d772-3167-d947efadf069,64,2814916,3150672,3154878,2841453,4206,339962,335756,0,0,0
3155269,ea299a22-9914-857d-b62f-b6ee172dc647,32,2842109,3154878,3155212,2843443,334,313103,312769,0,0,0
3155669,14c08edd-95f9-a545-a315-0039ced7430d,64,2813872,3147956,3155633,2838556,7677,341761,334084,0,0,0
3155669,380bd4cb-18b6-66f8-4ba0-768a7b2021f7,32,2841980,3155269,3155658,2843593,389,313678,313289,0,0,0
3156188,7447f8a1-2734-0be8-e609-2042eb5f8944,32,2840146,3155669,3156173,2844164,504,316027,315523,0,0,0
3156628,253741e4-0966-8d08-5959-5d27a73d2746,32,2840323,3156188,3156628,2844188,440,316305,315865,0,0,0
3158143,16251089-f340-e6f1-33be-8942e24f908a,32,2838763,3156628,3158143,2845481,1515,319380,317865,0,0,0
3158657,c19bf990-5247-a092-d93e-eb082fe26180,32,2844206,3158143,3158657,2847077,514,314451,313937,0,0,0
3158753,614996d1-01db-80b4-0422-1bf274faebdd,64,2838784,3155669,3158753,2843692,3084,319969,316885,0,0,0
3159178,c4376d89-5a4e-b9f3-ad2e-4db89defc23f,32,2843968,3158753,3159178,2847952,425,315210,314785,0,0,0
3159374,8ffe38c9-d2d8-1eb3-1a14-0609f287b989,64,2619349,3132663,3159374,2816616,26711,540025,513314,0,0,0
3160155,09e218a7-6504-95b5-9232-78bf56688530,64,2813774,3148723,3160155,2839038,11432,346381,334949,0,0,0
3160228,e8b81813-e672-abf5-0110-783e3dd6831b,64,2842892,3158657,3160228,2847742,1571,317336,315765,0,0,0
3160722,3c9b3b84-cb4a-ddc6-8509-6c7855660d8e,32,2845290,3160228,3160722,2849031,494,315432,314938,0,0,0
3161337,114c440d-675d-b93b-d473-6d379e12d7cf,64,2843442,3159178,3161337,2847996,2159,317895,315736,0,0,0
3161637,f47e3ca0-723f-d85a-e57b-084d2b0582e0,64,2747319,3129827,3161637,2815212,31810,414318,382508,0,0,0
3163225,e879c9a6-0ae9-eacc-71c9-66b39eb03954,64,2813828,3160722,3163225,2854738,2503,349397,346894,0,0,0
3163555,4f66a914-0563-5b30-4834-0d51a5c6c5ae,64,2813720,3160155,3163555,2848714,3400,349835,346435,0,0,0
3168946,d8528abb-1a87-3c25-629f-1962ebd795f5,64,2777866,3161637,3168946,2869015,7309,391080,383771,0,0,0
3171321,2518ec09-efdd-6a87-c8c6-21bee1228e75,64,2812009,3151837,3171321,2842571,19484,359312,339828,0,0,0
3179441,8a6342ca-56b7-979e-e46a-0b429cfecbd8,64,2807343,3161337,3179441,2868010,18104,372098,353994,0,0,0
3193254,42bb8f63-4145-8abc-8cc2-e0f013093c17,64,2890833,3179441,3193254,2907805,13813,302421,288608,0,0,0
3194361,25e36ccd-dca5-24f2-51bf-c946205474fa,32,2919801,3193254,3194361,2924809,1107,274560,273453,0,0,0
3200066,dedcc2ff-53d4-7caf-11bb-797af464a31f,64,2809324,3159374,3200066,2848268,40692,390742,350050,0,0,0
3203477,c9f279a8-138c-f37a-cc76-864ab61831c5,64,2890850,3193254,3203477,2926438,10223,312627,302404,0,0,0
3206546,7aa1219a-7a93-98bb-acdb-d5f27b44acd0,32,2908048,3200066,3206546,2927387,6480,298498,292018,0,0,0
3207226,43d643ed-236e-b832-27f6-a2ac5b0c4170,64,2890638,3200066,3207226,2927582,7160,316588,309428,0,0,0
3208524,56b243cd-da26-ec89-64b5-6f4e08335cee,64,2923692,3207226,3208524,2934637,1298,284832,283534,0,0,0
3212203,0b3b81a9-ddd6-52a8-6925-f2d53b36c46e,64,2915353,3208524,3212203,2935338,3679,296850,293171,0,0,0
3214470,fcc2ed18-92ae-f13c-963b-d56405e514ff,64,2918615,3212203,3214470,2938261,2267,295855,293588,0,0,0
3214574,615eca80-0d0b-6920-dd46-0c9117478b5c,64,2945613,3214470,3214574,2946193,104,268961,268857,0,0,0
3215126,65ebd4dc-b49b-4b72-c631-9c165827bc1d,64,2943371,3214574,3215126,2946576,552,271755,271203,0,0,0
3215369,60fba34c-3701-a2fd-f09f-e5ab5813d72f,64,2946041,3215126,3215369,2946791,243,269328,269085,0,0,0
3215473,bffbce28-7933-ea49-2c7c-41067d845537,64,2945658,3215369,3215473,2946805,104,269815,269711,0,0,0
3215842,d789c624-5e14-901b-fea5-9d94998c603a,64,2945977,3215473,3215842,2946921,369,269865,269496,0,0,0
3215902,13865151-b092-1979-0434-d8b88ffbc222,64,2946225,3215842,3215887,2947190,45,269662,269617,0,0,0
3216682,2ce6f908-cece-a5d3-5ea9-09ef7257dcb6,64,2947242,3215902,3216682,2948659,780,269440,268660,0,0,0
3216742,6b2afb3a-1b38-51ad-8b21-cf12a284598a,64,2871781,3203477,3216693,2929589,13216,344912,331696,0,0,0
3216802,0c5c9940-5753-7534-7e48-7b1c4c1f088f,64,2947687,3216682,3216786,2949134,104,269099,268995,0,0,0
3217044,5415c636-9979-ba46-f580-8b5975b568d7,64,2946863,3216742,3217044,2949446,302,270181,269879,0,0,0
3217339,cb618d75-aa96-4dfb-e79b-265ab15f3994,64,2946922,3216802,3217339,2949660,537,270417,269880,0,0,0
3217399,4a7d6fa1-1d9d-db86-4253-fb27393aa0a9,64,2947597,3217044,3217340,2949840,296,269743,269447,0,0,0
3217549,700ea842-f334-685d-b6ad-478c3e06f427,64,2949265,3217339,3217549,2950112,210,268284,268074,0,0,0
3217609,fa926f97-bd87-ff11-21ca-afcd23a2f59c,64,2950290,3217399,3217609,2951327,210,267319,267109,0,0,0
3217769,2c613d5c-8af4-1753-923f-128ee67882ae,32,2947969,3217339,3217769,2949920,430,269800,269370,0,0,0
3218383,fcc1c48c-7303-50ca-e992-6bade6335f58,32,2173117,2173117,3218383,2904734,1045266,1045266,0,0,0,0
3222720,0692fe02-238c-8712-eccf-3b91e35209a0,64,2908258,3217549,3222712,2951990,5163,314454,309291,0,0,0
3222986,11925880-301d-b817-6673-d42dc7af75de,32,2950262,3222720,3222986,2952307,266,272724,272458,0,0,0
3227864,c1ff9427-9477-d9d7-d265-80c067dfc9af,64,2915840,3218383,3227864,2952202,9481,312024,302543,0,0,0
3230947,a8be6c80-26b0-d2c9-bd2c-f4eb977e3f2c,64,2940765,3222986,3230947,2953175,7961,290182,282221,0,0,0
3232465,31dae817-4937-b90f-84a5-b18bcdcd0a34,32,2941190,3227864,3232465,2953366,4601,291275,286674,0,0,0
3233648,447809c0-b129-9cb7-8b24-8c7e0e4ddb72,32,2947889,3232465,3233648,2953433,1183,285759,284576,0,0,0
3234228,995fa798-1f31-63fa-9c93-92456dd2c683,32,2950018,3233648,3234228,2954115,580,284210,283630,0,0,0
3238033,97d20300-97f3-1baf-01fe-1d86e545fcc6,32,2949672,3234228,3238033,2954266,3805,288361,284556,0,0,0
3238347,589a2b88-cd2e-6c8b-2436-c8dec40cfbde,32,2950951,3238033,3238347,2954724,314,287396,287082,0,0,0
3240449,22087d01-f41c-7c7d-0319-f3694d8b876a,32,2947631,3238347,3240449,2954930,2102,292818,290716,0,0,0
3244078,e2ba9fce-aebb-af9c-0a35-653cf57a431e,64,2635118,3163225,3244078,2875588,80853,608960,528107,0,0,0
3246605,23e8bb05-05ec-647e-eec4-32d0bf660225,64,2900971,3217609,3246605,2952004,28996,345634,316638,0,0,0
3247142,481186e9-1625-34ca-9b47-e6394d2551eb,32,2954065,3246605,3247142,2957894,537,293077,292540,0,0,0
3247430,c95d2093-f2e2-0d2f-caf3-c094b61ed8af,64,2949175,3240449,3247430,2955927,6981,298255,291274,0,0,0
3249942,7c8c9267-3c55-ad3a-4ed9-92e01e4415f4,64,2949390,3244078,3249942,2957231,5864,300552,294688,0,0,0
3250317,f12d0664-dd65-5951-352a-a2af2b5457b7,64,2950633,3247430,3250317,2959068,2887,299684,296797,0,0,0
3252052,f5f3943a-e8e7-f030-0203-83406372d635,32,2950343,3249942,3252052,2960160,2110,301709,299599,0,0,0
3252954,555b9d60-8851-0075-3dbd-210bc2490241,32,2951123,3252052,3252954,2962674,902,301831,300929,0,0,0
3253420,e476231a-ecdf-d364-bdce-7f651a0a7680,64,2928190,3230947,3253420,2953367,22473,325230,302757,0,0,0
3254486,9f1c9fd4-d449-0964-b9cd-213b5748218a,64,2226294,2251347,3254486,2637515,1003139,1028192,25053,0,0,0
3254633,6669f679-2d78-f04b-df93-55acec8566f0,64,2908074,3247142,3254633,2958955,7491,346559,339068,0,0,0
3259698,9bfc24bd-b647-d58d-ba68-f42949af5000,64,2949855,3252954,3259698,2962712,6744,309843,303099,0,0,0
3260399,5f9cb7e0-6328-143e-2d95-63ed747a4829,64,2939491,3254633,3260399,2964650,5766,320908,315142,0,0,0
3260459,c544a049-6811-5a5c-4e3f-d50bf28c635f,32,2586376,3104733,3260404,2792011,155671,674028,518357,0,0,0
3263265,972a355c-fe5e-9b1c-875b-2fe1e3bbeeb7,64,2949401,3250317,3263265,2960792,12948,313864,300916,0,0,0
3265569,d7d3b9d9-4c85-9233-8325-bd9ebf98e734,64,2950740,3260399,3265556,2965344,5157,314816,309659,0,0,0
3266095,34b6685d-acd4-180a-b0dc-75fb199d5089,64,2949970,3259698,3266095,2965150,6397,316125,309728,0,0,0
3266641,2ab8c610-e7e3-99b8-518d-a4887d5704df,64,2949297,3254486,3266641,2964036,12155,317344,305189,0,0,0
3268008,06a4093b-49d6-93b1-8593-53fa25e4e633,64,2950312,3265569,3268008,2965873,2439,317696,315257,0,0,0
3268530,4ff85111-f875-1fd4-6d2c-cf42271a919f,64,2953662,3266641,3268530,2966838,1889,314868,312979,0,0,0
3268839,bbd0fe6c-6108-ffcc-8186-722ba355ad05,64,2967379,3268530,3268839,2969177,309,301460,301151,0,0,0
3269724,7b4d8646-58e0-058f-e8af-301f4f45f6f7,64,2915512,3253420,3269724,2962919,16304,354212,337908,0,0,0
3270928,8c57a277-01d9-09b4-cbf8-f29e3b30ee97,64,2962337,3269724,3270928,2970300,1204,308591,307387,0,0,0
3273444,8ec29e07-ee0c-2303-79c1-1c4a639817e5,64,2950854,3270928,3273444,2970577,2516,322590,320074,0,0,0
3273984,f530c98d-6c7f-7bef-b086-47e1fa647958,64,2949723,3268839,3273984,2969393,5145,324261,319116,0,0,0
3274513,9ab2b735-83f0-6e7d-dfaa-8505b0acb9ba,64,2949944,3268008,3274513,2967931,6505,324569,318064,0,0,0
3274600,c2b8efc0-d76a-64da-4fbd-b62246c9ae33,64,2969626,3273444,3274600,2971154,1156,304974,303818,0,0,0
3274843,5f88fe99-a014-7ab9-6755-e34c4e5a4392,64,2975617,3274600,3274843,2976265,243,299226,298983,0,0,0
3275612,40c37cbc-3d5b-6535-abed-e2b6c9eef97c,64,2973421,3274513,3275612,2975864,1099,302191,301092,0,0,0
3279232,bb8cea35-1bc4-7161-2ff7-9a573183eab0,64,2949644,3273984,3279232,2974838,5248,329588,324340,0,0,0
3282654,8677b81d-1902-c93b-6947-9974030fe73e,64,2950309,3266095,3282654,2965896,16559,332345,315786,0,0,0
3283523,01b8c14a-fd68-a5d7-d37a-430a2f2aa5e8,64,2975580,3282654,3283523,2978057,869,307943,307074,0,0,0
3286046,5c85a58c-d029-0d6b-ebe5-5cc408d57cf7,64,2950248,3283523,3286046,2978326,2523,335798,333275,0,0,0
3286234,e8239943-7dec-4605-2deb-57f96acac954,64,2974458,3286046,3286234,2978361,188,311776,311588,0,0,0
3287304,c47d336f-2e8f-2f7f-20a6-2edffea95b73,64,2950372,3279232,3287304,2977905,8072,336932,328860,0,0,0
3287804,42f76d43-b818-0f1c-58a3-2011f1624df9,64,2949792,3286234,3287804,2978661,1570,338012,336442,0,0,0
3287985,1b5d3449-8abe-2e04-67ee-dfe95c72e5ca,64,2978830,3287804,3287985,2979733,181,309155,308974,0,0,0
3288270,4814e14e-b5bc-1efc-47e4-02c5e05a2a8a,64,2978784,3287304,3288270,2979613,966,309486,308520,0,0,0
3288507,8bc15738-ff1b-f6a0-a8ec-b6a17233bf8c,64,2979570,3288270,3288507,2980093,237,308937,308700,0,0,0
3289594,13f39289-4dcc-b05d-d59e-f0fd1204f4d6,64,2635126,3108378,3289594,2793568,181216,654468,473252,0,0,0
3290665,257c54bc-4024-c424-aef2-ab2f495fa2fc,64,2977967,3288507,3290665,2981684,2158,312698,310540,0,0,0
3290884,aea03292-6bf7-d125-a571-f542e485a118,64,2978173,3289594,3290884,2982508,1290,312711,311421,0,0,0
3290982,19ed59a5-9e85-e4d4-9ec6-20e0e143a0ad,64,2950241,3274843,3290982,2977234,16139,340741,324602,0,0,0
3291042,2207cb65-b197-aed1-c57a-e3fff8ed08ae,64,2982632,3290884,3290991,2983175,107,308359,308252,0,0,0
3291255,e0c2442e-eb38-fcdf-4fd8-2aba0a6dc4ac,64,2982124,3291042,3291255,2985220,213,309131,308918,0,0,0
3291440,a52680b3-e8bc-d007-747c-76903ec8f48e,64,2980878,3290982,3291398,2984746,416,310520,310104,0,0,0
3291833,fabf8aef-608d-4b54-1913-0b900286675d,64,2950375,3275612,3291833,2977523,16221,341458,325237,0,0,0
3292257,13ad3ead-816e-bf32-2077-5ce4151f62f9,64,2949791,3290665,3292257,2982513,1592,342466,340874,0,0,0
3292410,b8a35c0c-4486-6697-1c1d-73b3250a8bc0,64,2984307,3291440,3292410,2986086,970,308103,307133,0,0,0
3293655,53ad132c-0131-771e-0338-57e4877478d3,64,2946553,3263265,3293655,2965376,30390,347102,316712,0,0,0
3293715,1a5ca752-2705-1d96-97b7-32b313d579ae,64,2981856,3292410,3293659,2989029,1249,311803,310554,0,0,0
3294330,0182144d-5b12-0b1b-0eb8-1b177cff07e3,64,2987305,3293655,3294330,2989349,675,307025,306350,0,0,0
3295403,77ed78d9-a82e-6889-b717-4acfd7abed02,64,2983041,3292257,3295403,2988864,3146,312362,309216,0,0,0
3295552,471b0cc7-e233-c597-f129-ed2f25ec77e4,64,2981984,3293715,3295552,2990436,1837,313568,311731,0,0,0
3296386,7c08a960-26c4-51fd-7859-7bc643e9c94c,64,2949613,3291255,3296386,2986057,5131,346773,341642,0,0,0
3296685,043486c3-a64d-cc1d-16f2-83191a936d0c,64,2989732,3295403,3296685,2991367,1282,306953,305671,0,0,0
3297419,3ee79d31-feef-21f8-e0b6-2f900adbc4ff,64,2983335,3294330,3297419,2990674,3089,314084,310995,0,0,0
3297874,45f72e6c-7b70-8f15-ebfb-c97aeefa4d76,32,2981968,3296386,3297874,2991820,1488,315906,314418,0,0,0
3299008,123c6a29-969b-6b4b-fcce-3ef8a41bc4c2,64,2983226,3297419,3299008,2994243,1589,315782,314193,0,0,0
3299313,b1b2b9c6-7120-721e-86cd-6214237befd1,64,2969636,3296685,3299313,2994060,2628,329677,327049,0,0,0
3299970,6fb0d297-7daf-638b-053f-1a4361874fa9,64,2949723,3291833,3299967,2986734,8134,350244,342110,0,0,0
3301241,15c52392-44e8-31e1-3d86-9ad2084930a1,64,2981881,3299313,3301202,2995638,1889,319321,317432,0,0,0
3301457,b1757e7d-f545-752a-13b8-ec305b693697,64,2980919,3299970,3301457,2997388,1487,320538,319051,0,0,0
3302158,9b465e04-b4cf-dcd7-32a1-c14d46a49f8d,64,2983369,3299008,3302158,2994368,3150,318789,315639,0,0,0
3302218,24784b7d-51ee-3cc8-1947-4d1a63d316c1,64,2994605,3301457,3302175,2998520,718,307570,306852,0,0,0
3302490,c509d558-0632-6b36-a7c8-f0c59808552c,64,2996052,3302158,3302490,2998608,332,306438,306106,0,0,0
3302954,316482fe-10a0-e260-0fbd-6062ab6d9aa8,64,2939462,3287985,3302954,2979751,14969,363492,348523,0,0,0
3303374,6ef7ffc3-7ce2-8b5b-b8d8-f272f429c05d,32,2994646,3302954,3303374,2999807,420,308728,308308,0,0,0
3303908,4cca3dda-7cbb-2627-9929-c7c73709d7d3,32,2999143,3303374,3303908,3000074,534,304765,304231,0,0,0
3304130,75757602-2d02-223f-ed25-32e51d0678b7,64,2987537,3302490,3304130,2999444,1640,316593,314953,0,0,0
3305273,f0657d73-0e0e-c75e-1b48-732fdbd0f097,64,2991047,3301241,3305273,2997998,4032,314226,310194,0,0,0
3305526,78ac9c5e-5b5c-87cf-560d-cb39db988c39,64,3000998,3305273,3305526,3001388,253,304528,304275,0,0,0
3305598,bb64a525-bc65-3d94-256d-4d11f7bd8499,64,3000967,3305526,3305598,3001716,72,304631,304559,0,0,0
3305855,a7e29299-2bf6-d915-0367-ee2c1ddea07d,64,3000797,3305598,3305855,3001742,257,305058,304801,0,0,0
3306053,95284c0a-cb6b-f562-2488-c84d99d090fd,64,2994677,3304130,3306053,3001097,1923,311376,309453,0,0,0
3306191,01a4c2d1-4edf-aa12-b2f2-40e365e1605b,32,2987268,3303908,3306191,3000527,2283,318923,316640,0,0,0
3306251,12767d13-f093-8776-d116-d014a5850828,64,3001238,3306053,3306209,3002032,156,304971,304815,0,0,0
3306251,699fdb02-bcdd-0b48-3cb3-c9fa191abb3d,32,3001473,3306191,3306242,3002174,51,304769,304718,0,0,0
3306823,ded89c47-bb88-854e-7f96-8d71818270d2,32,3001226,3306251,3306823,3002358,572,305597,305025,0,0,0
3308376,473bccd4-84e6-078f-6e37-b72135ef2b60,64,2994776,3305855,3308376,3001749,2521,313600,311079,0,0,0
3308517,0528d309-6a56-587d-bb8e-37e2c32bba73,32,3002227,3308376,3308517,3003069,141,306290,306149,0,0,0
3308577,c5b86c82-379c-c41a-eb7d-2448efb18149,64,2994644,3306251,3308537,3002329,2286,313893,311607,0,0,0
3308889,294d43ed-2da1-afda-fe65-6dcc6abdb05a,32,3001539,3308517,3308889,3003089,372,307350,306978,0,0,0
3309107,f2fda085-091f-73f3-a046-d4d3e0a8a8af,64,3002183,3308577,3309107,3003189,530,306924,306394,0,0,0
3309353,f66c7331-a172-2ee3-c3e1-847c8420e0d8,32,3002666,3309107,3309353,3003562,246,306687,306441,0,0,0
3310448,b1f0b429-d54f-bd02-3976-c6377e9716ad,64,3001115,3308889,3310448,3003438,1559,309333,307774,0,0,0
3310653,3ad0190f-0dc5-5340-e69c-db5b207495ab,32,3002311,3310448,3310653,3003691,205,308342,308137,0,0,0
3310834,592aa87b-fd85-3cf8-7932-28b9ad8ac4bc,64,2734111,3296386,3310834,2991993,14448,576723,562275,0,0,0
3310982,92a97acd-3d88-4938-6ad6-5b8c3a38b844,64,2994758,3309353,3310982,3003639,1629,316224,314595,0,0,0
3311538,346003a3-67db-5a91-c51f-cfef8305a8cb,32,3001698,3310982,3311538,3004716,556,309840,309284,0,0,0
3311724,3aa06694-0610-c42d-c024-1ac149d83188,64,3000708,3310834,3311724,3004418,890,311016,310126,0,0,0
3311889,56fb9a22-e2b6-ef5d-5805-2a559118b0e6,32,3002707,3311724,3311889,3005464,165,309182,309017,0,0,0
3312274,f6558f35-244f-35c6-7489-0e8ce65dd443,32,3004102,3311889,3312274,3006112,385,308172,307787,0,0,0
3312719,c921057c-3f05-557c-502e-d818013ca998,64,2994633,3306823,3312719,3002897,5896,318086,312190,0,0,0
3312857,8198d1f5-6839-f98f-2ccf-147242d7f112,32,3004393,3312274,3312857,3006354,583,308464,307881,0,0,0
3313113,08b9b2e9-4d81-c859-949e-24ad02d22ee7,32,3005180,3312719,3313113,3006674,394,307933,307539,0,0,0
3313447,0267c983-f763-6b4d-cada-c12203748864,64,2994735,3312719,3313447,3006894,728,318712,317984,0,0,0
3314518,517fd316-20e5-8866-6338-0b421887fa69,64,3000707,3313113,3314518,3008083,1405,313811,312406,0,0,0
3314668,888e58e7-06b6-a5f4-19d4-5a552e7c77b0,32,3008755,3314518,3314668,3009719,150,305913,305763,0,0,0
3314746,82d29bf8-61e3-178b-72eb-de4e95c4fab0,64,2979237,3310653,3314746,3003694,4093,335509,331416,0,0,0
3314997,da6b391d-6079-1657-97ec-147d53bfa311,32,3008500,3314746,3314997,3010046,251,306497,306246,0,0,0
3315403,bb63721d-1c45-eba3-8159-ace5fca91028,32,3007244,3314997,3315403,3010117,406,308159,307753,0,0,0
3315743,0b704f97-ded4-4617-114b-e8ca59410ea3,64,2994699,3314668,3315743,3009772,1075,321044,319969,0,0,0
3315803,e2b6a842-d2a8-1922-6518-93471e910b71,64,2979816,3311538,3315785,3005383,4247,335969,331722,0,0,0
3315949,efe739dd-6260-dcbe-a8de-eb1c281ec259,64,3008799,3315403,3315949,3010396,546,307150,306604,0,0,0
3316225,076c108d-214c-87b1-0cfc-64207192e443,32,3008129,3315743,3316225,3010605,482,308096,307614,0,0,0
3316317,71076f2e-0a71-5350-7eb2-7900ed5d6510,32,3011050,3316225,3316317,3011742,92,305267,305175,0,0,0
3316784,6e15c527-fe2a-0cbc-927a-e04ef58b8c61,64,2978161,3302218,3316784,2999102,14566,338623,324057,0,0,0
3316901,f105c2d8-7acc-7c3b-b90c-a4475352db34,32,3010334,3316784,3316901,3012106,117,306567,306450,0,0,0
3316961,f2ca2002-f650-8852-02bc-e2e0dfd5988e,64,3003875,3315803,3316904,3010795,1101,313029,311928,0,0,0
3316961,66e66f92-a0fc-1ea8-3310-401b9610b3cd,64,3009619,3315949,3316910,3011235,961,307291,306330,0,0,0
3317048,705faecd-2edf-f02e-7531-8081b4effa29,64,3012436,3316901,3317048,3012902,147,304612,304465,0,0,0
3317145,f1224f43-c527-4f35-6dc5-60443016b62b,32,3012965,3317048,3317145,3013812,97,304180,304083,0,0,0
3317226,7ecc0177-fce8-f3f0-b54f-0f8a32823c8a,64,3011049,3316317,3317226,3011808,909,306177,305268,0,0,0
3317286,23fd6ade-c17f-cf19-16a3-48336bc152ad,64,3012683,3317145,3317254,3013931,109,304571,304462,0,0,0
3317346,e182701b-2e3b-db69-8c2d-0e27c370f2e2,64,3012196,3316961,3317308,3013316,347,305112,304765,0,0,0
3317553,90441ec6-5ef0-195e-e152-dc3a3894de06,32,3013639,3317346,3317553,3014507,207,303914,303707,0,0,0
3317655,2e361846-b885-5367-33c7-024de84543c7,64,3010453,3316961,3317655,3013020,694,307202,306508,0,0,0
3317886,8cb21aa2-1715-1c03-eb4f-36381190e515,32,3012468,3317655,3317886,3015641,231,305418,305187,0,0,0
3318634,647ac591-5da6-4a3a-260c-cfb4c6735380,64,3012644,3317553,3318634,3015579,1081,305990,304909,0,0,0
3318908,d7aa0f83-59f6-864d-ffce-50b36151bd93,64,3010861,3317886,3318908,3016251,1022,308047,307025,0,0,0
3319225,87352231-a469-5757-ba70-c9f6e9368ad0,64,3015782,3318908,3319225,3016663,317,303443,303126,0,0,0
3319494,2553ff33-298b-fa25-103d-24cffdfbc585,32,3010875,3318634,3319494,3016263,860,308619,307759,0,0,0
3319605,d8718196-093c-3582-037d-f82ef0a4be8a,64,3008440,3317226,3319605,3014283,2379,311165,308786,0,0,0
3320421,fccc1a7d-3a1b-ba9c-da07-f08e8a9fa5a1,32,3014294,3319605,3320421,3019452,816,306127,305311,0,0,0
3320640,8422c0cf-da36-433a-f3ab-d2467570d730,64,3012194,3319225,3320640,3017033,1415,308446,307031,0,0,0
3321733,e70dc8b8-df33-1eb0-e8ff-561f3bc29d89,64,3004880,3320421,3321733,3020615,1312,316853,315541,0,0,0
3321976,5b078b11-1896-9587-0e6b-bde0ed0d6017,32,3020377,3321733,3321976,3022128,243,301599,301356,0,0,0
3322060,60cb9e17-c93a-7471-ce9d-ef4ec7affa24,64,3004012,3317286,3322060,3014442,4774,318048,313274,0,0,0
3322762,0d95ee72-46c3-e497-3546-9cb1a8c9aa31,64,3012455,3320640,3322762,3021853,2122,310307,308185,0,0,0
3322916,5fcc997d-1cbb-304b-2ccd-a2af4d64bb63,64,3015831,3321976,3322916,3022728,940,307085,306145,0,0,0
3323483,0f9027d5-90f0-d47c-f4af-80050ba24c4f,64,3022012,3322762,3323483,3023501,721,301471,300750,0,0,0
3323643,1e9d8b00-ca0d-e08e-ba90-2275c72bf2e8,32,2969122,3299970,3323643,2996107,23673,354521,330848,0,0,0
3324551,520b7950-dee4-254b-0afc-13fb6e8f19bc,64,3017936,3323483,3324551,3024217,1068,306615,305547,0,0,0
3324821,073bca43-ad2a-3a7c-b4e1-0c33a1861de1,64,3024347,3324551,3324821,3024761,270,300474,300204,0,0,0
3324881,e2ad828b-113c-9f25-0b3f-953a5e75788f,64,3006787,3322060,3324851,3023494,2791,318064,315273,0,0,0
3324941,a5eea4a2-2cde-531f-5dce-8d9b5d96120d,64,3024369,3324881,3324931,3025228,50,300562,300512,0,0,0
3326388,7fcbcf31-93ac-009a-2fc1-0403dcda8cc1,64,3012604,3324941,3326388,3025339,1447,313784,312337,0,0,0
3326483,d91b1cb6-35ea-bd3e-b77d-ff3ad3f04058,64,3024375,3326388,3326483,3025472,95,302108,302013,0,0,0
3327109,9cac3d21-a5a8-c8af-8efb-d22aec511744,64,2979797,3319494,3327109,3017552,7615,347312,339697,0,0,0
3327444,8b7fa47e-adc5-efc7-a07b-f99be08c82ea,64,3028961,3326483,3327444,3030416,961,298483,297522,0,0,0
3328056,66ca0baf-3310-880a-6ee0-95d5c4a9d8ac,64,2979512,3322916,3328056,3023909,5140,348544,343404,0,0,0
3328118,7458d92c-a1da-7c7a-9b88-26edff4a9185,64,3032088,3328056,3328118,3032632,62,296030,295968,0,0,0
3328178,779d7db4-23ca-ef2f-79a7-59de2fb9950b,64,3032052,3328118,3328158,3032945,40,296106,296066,0,0,0
3331669,332ac35a-833d-3df1-5e11-a680d5016ada,64,2951856,3295552,3331669,2991767,36117,379813,343696,0,0,0
3331758,7a4c38ef-3e0a-d66d-3f2d-bf97bc547d54,64,3032051,3331669,3331758,3033296,89,299707,299618,0,0,0
3332772,8c7e2904-4237-692a-c017-466e85f4c0a2,64,2979489,3324821,3332772,3024814,7951,353283,345332,0,0,0
3333680,7d9def75-1138-08db-6f2f-841100d190bd,64,3023076,3327444,3333680,3031655,6236,310604,304368,0,0,0
3333860,7f2632df-21c2-0510-b6b2-b13cb79f0581,64,3029021,3332772,3333860,3033691,1088,304839,303751,0,0,0
3333955,62ed5403-88d4-5ff4-104f-3fc56400bb0e,64,3030569,3333680,3333955,3034247,275,303386,303111,0,0,0
3334711,41526bff-661b-9738-17b1-6c4361a2d612,64,3029034,3333860,3334711,3034292,851,305677,304826,0,0,0
3334980,c4c608eb-14ee-d987-95e7-c6e4413e84bd,32,3037886,3334711,3334980,3039918,269,297094,296825,0,0,0
3335527,7147f758-cdbe-5548-6a65-66e8fe1ad905,64,2964844,3313447,3335527,3009680,22080,370683,348603,0,0,0
3336327,1fb235c4-5abe-c3fa-81eb-7abba08262df,32,3037674,3335527,3336327,3040265,800,298653,297853,0,0,0
3336434,1df44d3e-f26f-9b19-5708-013e4b541670,32,3040087,3336327,3336434,3040637,107,296347,296240,0,0,0
3336584,47d1931c-f9f2-09ab-7d77-71f8a948ec66,64,3021924,3333955,3336584,3039303,2629,314660,312031,0,0,0
3337351,e0b55615-d3b6-ef1b-74f7-6d09739cafa5,32,3014281,3333955,3337351,3034644,3396,323070,319674,0,0,0
3337740,b177116d-f203-7633-ac5d-d02dccc67ffd,64,3036349,3334980,3337740,3040082,2760,301391,298631,0,0,0
3338020,db00ab4c-91e5-2e86-eefe-02c34276bfe1,64,3037659,3336584,3338020,3041924,1436,300361,298925,0,0,0
3338083,524ec63c-1ab4-9e05-7dc1-dda00619feb0,64,3043942,3338020,3338083,3044669,63,294141,294078,0,0,0
3338143,d79570be-bf30-25c3-a2a3-00712c47a51f,64,3041557,3337740,3338122,3042266,382,296565,296183,0,0,0
3338348,0df81d2b-260c-037e-305d-0ef70d9ff83d,64,3043927,3338143,3338348,3045708,205,294421,294216,0,0,0
3338518,b4b2ce14-49b9-e124-a30b-d3b558fe7bd2,32,3044661,3338348,3338518,3045819,170,293857,293687,0,0,0
3338730,e3a1af97-7785-2ddb-5552-7a3c164a9b18,64,3037683,3336434,3338730,3041629,2296,301047,298751,0,0,0
3339119,5ba62f73-e9c4-1f0d-2fe6-8a5219a7361b,64,3045827,3338730,3339119,3046439,389,293292,292903,0,0,0
3339277,a8049463-0d36-f5e4-92a6-f3e62b48c6e6,64,3047333,3339119,3339277,3049442,158,291944,291786,0,0,0
3339683,5a744822-fd07-f913-2657-abb6b81f2807,64,3048982,3339277,3339683,3050036,406,290701,290295,0,0,0
3339773,2f1fc132-426b-2236-e4a0-7521ab6dd0aa,64,3044335,3338348,3339773,3046095,1425,295438,294013,0,0,0
3339889,f2e5cecf-9b6c-5494-60e0-b67321b6eb84,64,3046200,3339683,3339889,3050063,206,293689,293483,0,0,0
3340076,c847b130-dd56-030e-1de9-87a2985e7e89,64,3043028,3338083,3340076,3045458,1993,297048,295055,0,0,0
3340663,a92f85fe-258f-cafc-c1cf-d878000c14a5,64,3018718,3327109,3340663,3031463,13554,321945,308391,0,0,0
3341195,b3133c8e-9ec6-c95e-e1f2-17be39f99c64,64,3047321,3339773,3341195,3050215,1422,293874,292452,0,0,0
3341343,d45d91e1-7979-fbb2-1013-8f7ecab5e9f3,64,3052827,3341195,3341343,3053496,148,288516,288368,0,0,0
3343410,68c4b51a-8166-356c-b04f-bce932dcea5b,64,3045869,3339889,3343410,3050969,3521,297541,294020,0,0,0
3343570,7c193e6f-496c-c03a-06fd-01e69fd33d40,64,3052648,3343410,3343570,3053729,160,290922,290762,0,0,0
3343714,b5c1f027-3563-559e-9c78-bade8ec7dccb,64,3042996,3341343,3343714,3053559,2371,300718,298347,0,0,0
3344824,1c82780f-0e84-c070-514b-30a9f6d4461c,64,3054218,3343714,3344824,3055222,1110,290606,289496,0,0,0
3344953,2b85ffb7-b29e-2126-8840-e78a35ec5514,64,3055057,3344824,3344953,3055423,129,289896,289767,0,0,0
3345349,97e4e173-9d63-bda6-a29d-c0737a7b029b,64,3054307,3344953,3345349,3056431,396,291042,290646,0,0,0
3345670,5b7e24ca-722b-4439-3869-d3c9d743b5a8,64,3037711,3340663,3345670,3052695,5007,307959,302952,0,0,0
3345739,552dad08-c536-c0a2-4850-4c6b12cd1aeb,64,2979755,3331758,3345739,3033630,13981,365984,352003,0,0,0
3345808,e645bb00-d3e6-dc21-f10b-394d6021a15b,64,3049439,3345349,3345808,3056455,459,296369,295910,0,0,0
3346240,54470290-4640-4b2a-dc02-28afb1d29457,64,3054327,3345808,3346240,3057600,432,291913,291481,0,0,0
3346389,155c8139-3842-43b4-2378-ff4453d9a4dd,64,3056684,3346240,3346389,3057658,149,289705,289556,0,0,0
3346463,0a14e77e-918b-2860-c1a9-6b3b90cc44af,64,3056639,3346389,3346463,3057661,74,289824,289750,0,0,0
3346549,8e9ff74a-fb65-03ea-0f97-33429b2d43a3,64,3041031,3340076,3346549,3052024,6473,305518,299045,0,0,0
3346770,0a76bd91-9e7f-87a7-7721-5daa5d975cdc,64,3055474,3345739,3346770,3056952,1031,291296,290265,0,0,0
3346880,8453d803-8519-469e-973d-a9cbab196705,64,3019582,3328178,3346880,3033140,18702,327298,308596,0,0,0
3347031,565c1e3f-6d1c-31d6-33e0-4a38cdf0aaba,64,3055843,3346880,3347031,3058014,151,291188,291037,0,0,0
3347104,d24e4a96-f3b6-d5ae-38c7-f2360a6119f6,64,3054619,3346463,3347104,3057899,641,292485,291844,0,0,0
3347183,11092f7a-00d6-1c63-64a0-f44bfbdebeb5,64,3057695,3347104,3347183,3058641,79,289488,289409,0,0,0
3347339,21d8b96a-62ad-a157-60d2-759a3ad51382,64,3058319,3347183,3347339,3059005,156,289020,288864,0,0,0
3347399,8e07d8fc-83b1-c1ec-7ba5-a5dfb5786277,64,3056989,3347031,3347348,3058208,317,290359,290042,0,0,0
3347550,1fbf23bb-b331-09f5-3078-f3d0f9046be7,32,3058242,3347399,3347550,3059074,151,289308,289157,0,0,0
3347625,f9a62522-ca83-5709-ba14-675762538cdf,64,3054638,3346549,3347625,3057949,1076,292987,291911,0,0,0
3347685,3b1d12cf-3b70-5092-98ab-182c3b1d0181,64,3057621,3347399,3347663,3059149,264,290042,289778,0,0,0
3347804,9055e085-5f23-4322-e3b9-3a349d7739b2,64,3054614,3347339,3347804,3059055,465,293190,292725,0,0,0
3347986,d1f2789b-ea95-6113-96ed-4815c415ac73,64,3059268,3347804,3347986,3060770,182,288718,288536,0,0,0
3348057,f83a1bce-7069-6977-33af-15bed93d8722,64,3051807,3346770,3348057,3058011,1287,296250,294963,0,0,0
3348143,6d7fd4e2-85e9-5c6c-3fa7-c199d76f0813,64,3059017,3347986,3348143,3061094,157,289126,288969,0,0,0
3348264,c0476d80-532b-d70a-209f-839fb6ddbd11,64,3059406,3348143,3348264,3061978,121,288858,288737,0,0,0
3348372,a71372ab-34cb-7b9a-9338-82b320fa15b7,64,3057032,3347625,3348372,3059643,747,291340,290593,0,0,0
3348432,16c72b1a-e826-fac7-3a8c-8ed5a06aa68a,64,3057193,3348057,3348413,3061571,356,291220,290864,0,0,0
3348432,01ab1df1-7cd2-1263-2ea3-5df6f2193325,64,3059755,3348264,3348415,3062312,151,288660,288509,0,0,0
3348657,a5b13afd-af2c-20ac-9539-22c05ea0942c,32,3059627,3348264,3348657,3062234,393,289030,288637,0,0,0
3348727,ae991937-0846-4aa4-bfa4-cfdd01c31adc,64,3063293,3348432,3348727,3063814,295,285434,285139,0,0,0
3348787,e6426f0b-8869-372a-d34c-0a09ada59cb2,64,3058878,3348432,3348783,3063109,351,289905,289554,0,0,0
3348923,85475ee1-1e06-d96a-a302-7b2102c1c269,64,3063292,3348787,3348923,3064204,136,285631,285495,0,0,0
3349012,0a3e4918-6e4f-8ea3-f0ad-16f7db1fb4d4,64,3063459,3348727,3349012,3064161,285,285553,285268,0,0,0
3349072,0038dc84-a3ed-033a-a722-2ea2261b5048,64,3063622,3349012,3349059,3064613,47,285437,285390,0,0,0
3349913,8bab9c9c-c026-6d51-a5c5-bce0dffbdc2d,64,3054612,3347685,3349913,3060344,2228,295301,293073,0,0,0
3350138,5a5ed7eb-1532-0177-b61d-170a4bd600e6,64,3064656,3349913,3350138,3065281,225,285482,285257,0,0,0
3350198,1ccc33c1-7e34-7f69-752f-bd7e7c360908,64,3063271,3349072,3350188,3064998,1116,286917,285801,0,0,0
3350258,fad34352-1d59-598c-174d-6b8741d6676a,64,3064416,3350138,3350234,3065373,96,285818,285722,0,0,0
3350526,9c48c830-6e89-84f4-d820-10d1f4c873a7,64,3058699,3350198,3350526,3065919,328,291827,291499,0,0,0
3350689,a98afcb0-3ef5-27fe-45e4-307a73e5550d,64,3059640,3350258,3350689,3065939,431,291049,290618,0,0,0
3350816,79fee842-e4cc-7065-6bd7-f764f8d592a7,64,3063268,3350526,3350816,3066799,290,287548,287258,0,0,0
3351215,f00f63ef-e59f-c1c2-004e-a81ad3d877a8,64,3057753,3348372,3351215,3063045,2843,293462,290619,0,0,0
3351368,c22c9037-703a-d746-e22f-38841f9071b1,64,3057108,3348923,3351368,3064560,2445,294260,291815,0,0,0
3352303,bdecb67a-ec6e-8294-b9da-c7798079cdc9,64,3037367,3343570,3352303,3054288,8733,314936,306203,0,0,0
3354138,e9b87e7a-a078-6a1f-70d3-b5f768a69e71,64,3156342,3351368,3354138,3165206,2770,197796,195026,0,0,0
3357537,47003fcf-deb2-d490-1c66-fdd96565e779,32,3156654,3354138,3357537,3168442,3399,200883,197484,0,0,0
3358023,5f0a74fb-b6e7-d214-f3b5-f7d79d2f1794,64,3155910,3352303,3358023,3167045,5720,202113,196393,0,0,0
3359170,1417c2f9-eb91-731a-1eb0-5b4a1b4ffd5f,64,3155941,3357537,3359170,3168961,1633,203229,201596,0,0,0
3362822,e156df17-22b6-995e-0a14-b309c173d1d9,32,3155609,3359170,3362822,3170370,3652,207213,203561,0,0,0
3362882,1b3f0866-d590-42df-8470-f4aeaeadd1dc,64,2518707,3168946,3362831,2900296,193885,844124,650239,0,0,0
3363723,4a1954ec-4a3f-cfda-7aff-d9bd79e58450,64,3156832,3358023,3363723,3169079,5700,206891,201191,0,0,0
3366467,7886f504-ed75-8b74-b7d0-c829dcf9b680,64,3156398,3363723,3366467,3171917,2744,210069,207325,0,0,0
3368068,26daf6d1-71c3-16be-d297-cb6658ab766f,64,3156453,3366467,3368068,3172390,1601,211615,210014,0,0,0
3368795,a37dafca-e9a6-df13-91c4-b8c675961b93,32,3155211,3362822,3368795,3170401,5973,213584,207611,0,0,0
3369037,c425d020-4389-2f66-1780-29e939d00762,64,3166892,3362882,3369037,3170593,6155,202145,195990,0,0,0
3372025,a03c67ff-4f0d-c7bc-80c8-b0838faf04ba,64,3156452,3368795,3372025,3173276,3230,215573,212343,0,0,0
3373033,d66ec576-b7e6-2b4d-93d5-326f9b032c39,64,3155549,3368068,3373033,3173189,4965,217484,212519,0,0,0
3374720,d6d24227-2d5c-1a61-6302-1daa5ba3a49c,64,3157539,3369037,3374720,3174243,5683,217181,211498,0,0,0
3379530,5e3ece60-9ef6-a99f-73b4-daf34ad1d634,64,3163844,3373033,3379530,3174471,6497,215686,209189,0,0,0
3380288,45e49a9e-5128-4026-7f5e-fb6bcdf40137,64,3156653,3374720,3380288,3174640,5568,223635,218067,0,0,0
3382036,29529420-0ba4-e32b-4804-044c82a4e22e,64,3157202,3372025,3382036,3174257,10011,224834,214823,0,0,0
3384041,a9217ddc-3cea-1f89-6217-3b7fc536d2ce,64,3157197,3380288,3384041,3175077,3753,226844,223091,0,0,0
3384452,1ed68b71-3ab8-ec3f-2612-e9e5a26d18f6,64,3014570,3350689,3384452,3075554,33763,369882,336119,0,0,0
3384659,c44b04e8-f51e-2df3-06c3-998e8f14aac7,64,3157538,3382036,3384659,3175666,2623,227121,224498,0,0,0
3385402,65125d2e-24b3-bc8e-1e85-0f8015c2f297,64,3155851,3379530,3385402,3174641,5872,229551,223679,0,0,0
3386048,20d4ba18-93a0-5478-c00b-19de38db128d,64,3156837,3384452,3386048,3177691,1596,229211,227615,0,0,0
3388154,df40fe04-54cd-67b4-d67f-017d9aa03078,32,3096241,3351368,3388154,3117853,36786,291913,255127,0,0,0
3389507,a28e0841-7d16-5228-b589-717e8275b18a,64,3156453,3385402,3389507,3178420,4105,233054,228949,0,0,0
3390645,c1c4f618-7925-b7d5-7c65-a804ee9ff73c,32,3155433,3384659,3390645,3177911,5986,235212,229226,0,0,0
3392045,d59dcbfa-db32-6207-ef30-3fd078d3ca66,32,3156409,3386048,3392045,3180441,5997,235636,229639,0,0,0
3393136,f5c9f459-9db1-bd5e-91a4-d796b9720eec,64,3155977,3386048,3393136,3182647,7088,237159,230071,0,0,0
3394132,bb5e14d6-5b74-5fdd-1c97-46949884f76d,64,3156452,3384041,3394132,3177438,10091,237680,227589,0,0,0
3396718,e88081f9-cd6b-4aa0-ce9f-bfeb9a87e44d,32,3156377,3390645,3396718,3185418,6073,240341,234268,0,0,0
3398990,754182e8-f8cb-57ff-586b-3c2246527e16,64,3156038,3394132,3398990,3185809,4858,242952,238094,0,0,0
3399571,1c66021e-1a79-aec1-ddef-b7bb945094c8,64,3181268,3393136,3399571,3185756,6435,218303,211868,0,0,0
3401167,1ac7ea5b-b387-a11d-5286-f97708aa6127,64,3184649,3399571,3401167,3186873,1596,216518,214922,0,0,0
3402000,7e1e7e84-3003-4603-d782-d6a7c6b92071,64,3155979,3389507,3402000,3183615,12493,246021,233528,0,0,0
3403937,3a9048cc-d063-d3e7-ec7e-f0abe1a29ffa,64,3156128,3398990,3403937,3186164,4947,247809,242862,0,0,0
3407097,7978dc84-ea89-a979-7aa6-d6eaac273009,64,3155796,3401167,3407097,3188534,5930,251301,245371,0,0,0
3407868,7d8f2305-1517-703e-6087-75a56f654201,64,3170481,3392045,3407868,3185676,15823,237387,221564,0,0,0
3411492,b062166c-79db-f3f9-0b4e-c2ee3dbff049,64,2518892,3163555,3411492,2886687,247937,892600,644663,0,0,0
3412020,6088825e-e382-6da1-6cce-4c234e55f3fe,64,3155609,3407097,3412020,3194175,4923,256411,251488,0,0,0
3413227,fabb6609-7de1-7a85-11c4-194a70c98336,64,3155738,3403937,3413227,3191911,9290,257489,248199,0,0,0
3413362,35868ed1-e4a2-618e-7328-8280e3ca0915,64,3197578,3413227,3413362,3199334,135,215784,215649,0,0,0
3413550,7b7ce7cc-f950-f7fa-28b5-8db58c466308,64,3165627,3407868,3413550,3194331,5682,247923,242241,0,0,0
3414010,2598f383-9280-3da2-e40b-50e40a086989,64,3198927,3413362,3414010,3199513,648,215083,214435,0,0,0
3414171,76733597-75cf-f755-7daf-76e7e115d52b,64,3199734,3414010,3414171,3201387,161,214437,214276,0,0,0
3415367,b6a35409-1c20-d86b-b5d0-44fb2cd64d84,64,3155209,3412020,3415367,3196949,3347,260158,256811,0,0,0
3415569,7a14cf98-611e-6047-790a-474e6185e21b,64,2778738,3345670,3415569,3056489,69899,636831,566932,0,0,0
3415957,3a4fece7-537d-66c6-1c31-aaf3c76aec88,64,3205307,3415569,3415957,3205877,388,210650,210262,0,0,0
3418325,8ce0bd8f-ed4b-229f-1e4a-a01643fcf7b7,64,3191946,3414171,3418325,3202730,4154,226379,222225,0,0,0
3420772,bac8f92f-4653-cbd3-f6d8-11eff388fef7,64,3155667,3411492,3420772,3195499,9280,265105,255825,0,0,0
3421547,9ad28c4a-9798-739e-da78-6fcac5a06501,64,3165623,3418325,3421547,3209941,3222,255924,252702,0,0,0
3425368,fffcd743-e3f1-6406-631d-9c8be0f0fe79,64,3164911,3415367,3425368,3203927,10001,260457,250456,0,0,0
3431782,de61f70d-76b0-0d9f-673a-d8cbf8e7158b,64,3166810,3415957,3431782,3208767,15825,264972,249147,0,0,0
3434315,004f5362-244f-4ce3-6a50-18b5d623c671,64,3166687,3421547,3434315,3211796,12768,267628,254860,0,0,0
3434872,d61a080a-3fec-0a37-d5be-a8dc33e88249,64,3165419,3431782,3434872,3213120,3090,269453,266363,0,0,0
3439179,a9151364-778a-669f-4b68-d94d40da9c7d,64,3166007,3420772,3439179,3210354,18407,273172,254765,0,0,0
3443406,06905ba5-17e0-3df5-17df-85b33429c8cf,64,3166261,3434872,3443406,3215622,8534,277145,268611,0,0,0
3443613,34afa2e1-c968-e8ee-4663-f1a104db73f3,64,3218403,3443406,3443613,3220461,207,225210,225003,0,0,0
3444981,d284b528-b091-6fb7-f17f-3f92d26aa790,64,3166198,3413550,3444981,3199755,31431,278783,247352,0,0,0
3449944,734eab10-85e9-054f-455c-f668a3cb9e18,64,3164954,3444981,3449944,3222514,4963,284990,280027,0,0,0
3452951,9ff0f466-ccc0-7446-16dd-58af53415fe2,64,3187547,3425368,3452951,3212431,27583,265404,237821,0,0,0
3455339,1a50a93c-e5a2-709d-a8f8-687bb766ac85,64,3119846,3402000,3455339,3189015,53339,335493,282154,0,0,0
3456913,d5d318cf-24e6-5ffd-75dc-037d4b71481f,64,3222637,3452951,3456913,3226451,3962,234276,230314,0,0,0
3460095,32f194d8-2fcb-0dce-06de-e37b7d15c353,64,3166568,3455339,3460095,3229743,4756,293527,288771,0,0,0
3464026,aebeca58-ccb1-dc1e-47db-f6a203e30f78,64,3168289,3434315,3464026,3213977,29711,295737,266026,0,0,0
3464104,bd0b0fa2-8bee-f83f-96a0-6bf2c14ebd10,64,3232001,3464026,3464104,3233483,78,232103,232025,0,0,0
3464244,38491ecc-8891-57fd-2804-d0ac795741bb,64,3222600,3456913,3464244,3230176,7331,241644,234313,0,0,0
3464307,4be318a8-0b39-dccf-7c9f-3bc37210045a,64,3232065,3464104,3464307,3233489,203,232242,232039,0,0,0
3467929,e85fda55-21c2-68f3-3cfc-7050ecb697a2,64,3167509,3449944,3467929,3226068,17985,300420,282435,0,0,0
3468564,8849066e-539d-5223-c48d-276cacae8af8,64,3167510,3460095,3468564,3230269,8469,301054,292585,0,0,0
3470992,f37599aa-147b-ed20-7b2e-00e6c8028d0e,64,3166257,3439179,3470992,3218455,31813,304735,272922,0,0,0
3473654,154ebf91-daa2-82b4-6d69-e88c61a4b230,64,3231197,3470992,3473654,3239579,2662,242457,239795,0,0,0
3473993,648e85eb-d1c1-a2db-a82a-113285eb4279,64,3239321,3473654,3473993,3239962,339,234672,234333,0,0,0
3474092,1b552618-e57e-72d3-63dd-e733b225574e,64,3239151,3473993,3474092,3240305,99,234941,234842,0,0,0
3474290,30de0010-fe31-f408-a671-cd819c2b05eb,64,3241815,3474092,3474290,3242515,198,232475,232277,0,0,0
3475243,9d148109-db18-fefb-8e53-4765ee6e5ef6,64,3241630,3474290,3475243,3243297,953,233613,232660,0,0,0
3476520,c3dd1d6a-18fc-9899-5c86-a6f929f5d43d,64,3237474,3475243,3476520,3246597,1277,239046,237769,0,0,0
3480135,9339304b-9a8c-b3d7-28a5-e34d798b2f02,64,3166690,3464244,3480135,3233819,15891,313445,297554,0,0,0
3480323,01440fa3-5fcf-5c27-c68e-47b0d87db947,64,3247302,3480135,3480323,3247871,188,233021,232833,0,0,0
3480660,e13f8740-bd74-0fe0-b808-8e14b9a01137,64,3248495,3480323,3480660,3249695,337,232165,231828,0,0,0
3485081,3653e588-afd5-8fe7-65c6-2548b169fded,64,3145253,3443613,3485081,3222335,41468,339828,298360,0,0,0
3493255,a72d0bf4-c84d-16c0-4021-a347a8c34b25,64,3239723,3485081,3493255,3257306,8174,253532,245358,0,0,0
3494014,3bca7ff6-71be-0c72-ad8c-c85c53559e80,64,3240123,3480660,3494014,3255481,13354,253891,240537,0,0,0
3494618,b69aca1e-985d-654b-0325-58201a49de98,32,3265118,3494014,3494618,3266175,604,229500,228896,0,0,0
3494694,80ed319c-ef01-6e79-a9b2-4a990a8260b6,64,3134745,3464307,3494694,3235534,30387,359949,329562,0,0,0
3495061,5dc2fd9b-f1bd-b57b-b8dd-dfc2963ba31c,32,3265117,3494618,3495061,3266265,443,229944,229501,0,0,0
3495121,53d509af-c2b5-ac1b-4685-38bcac17cb47,64,3265117,3494694,3495088,3266592,394,229971,229577,0,0,0
3495262,e21734c6-d36f-a1c9-ccaa-2cd36ae71db3,64,3265120,3495061,3495262,3266625,201,230142,229941,0,0,0
3495367,8a8a4105-c0eb-8875-3439-67294b8e5509,64,3265123,3495121,3495367,3266881,246,230244,229998,0,0,0
3496219,fe2181fd-73bd-185b-67d9-20b393c379fd,32,3264143,3495367,3496219,3267266,852,232076,231224,0,0,0
3497594,4497734d-77a0-aa7f-f027-8488be015802,64,3265121,3495262,3497594,3267255,2332,232473,230141,0,0,0
3497989,fa61726a-eedf-4f78-dc99-4976008ec990,32,3265117,3497594,3497989,3267423,395,232872,232477,0,0,0
3498154,1b5829c9-24ef-65a7-37cf-65ca6c412493,32,3265118,3497989,3498154,3267440,165,233036,232871,0,0,0
3498862,2a6504e1-fb2f-be8c-ea46-391177e2f124,32,3264148,3498154,3498862,3267528,708,234714,234006,0,0,0
3499112,7fa70485-dafc-3805-7f64-85de75699aef,32,3265117,3498862,3499112,3267587,250,233995,233745,0,0,0
3500183,f541a44e-16cc-b813-2635-53ba4299b351,64,3264148,3496219,3500183,3267413,3964,236035,232071,0,0,0
3500684,47155ad3-8ca0-cd2a-da93-98e6f487b599,64,3165422,3467929,3500684,3236456,32755,335262,302507,0,0,0
3500914,b588489e-effb-d197-4d73-a782967197ec,64,3264142,3499112,3500914,3267613,1802,236772,234970,0,0,0
3501393,63b1a52e-9070-01b6-1ec0-9c3575035829,64,3265117,3500183,3501393,3267760,1210,236276,235066,0,0,0
3501453,22212e52-d6e3-8103-5df7-0cc1133b385e,64,3265118,3500684,3501415,3267813,731,236297,235566,0,0,0
3501513,e797f3ae-0cca-0c05-a1f6-19ed2c1882c9,64,3265121,3500914,3501502,3267926,588,236381,235793,0,0,0
3501727,dce61522-0632-718e-b0dd-be62aa35b738,64,3265118,3501393,3501727,3267933,334,236609,236275,0,0,0
3501973,235fc3d5-2224-a806-ce07-2a5273edb223,32,3265121,3501727,3501973,3268315,246,236852,236606,0,0,0
3502085,00c818ba-a210-dd25-392c-5f423f203c22,64,3265117,3501453,3502085,3267945,632,236968,236336,0,0,0
3502939,04d340e8-7ecf-bfc6-6249-a5869c186d49,64,3265297,3501513,3502939,3268116,1426,237642,236216,0,0,0
3503288,2dc58521-29c2-f1f9-7eeb-f53978731a4e,64,3264148,3501973,3503288,3268410,1315,239140,237825,0,0,0
3503415,bcbd6eeb-ceab-2f76-f776-f4e846f90964,32,3264148,3502085,3503415,3268449,1330,239267,237937,0,0,0
3503569,4de5f4af-f278-15f6-0c49-f33a1c5d9fe9,64,3264142,3502939,3503569,3268461,630,239427,238797,0,0,0
3504588,f5f5431f-4f40-f6ed-1aa5-d4e236c077aa,32,3265296,3503415,3504588,3268733,1173,239292,238119,0,0,0
3504896,6cd6cedf-52df-c152-c8e6-cd4b4febaa0e,32,3265121,3504588,3504896,3268810,308,239775,239467,0,0,0
3505180,d8e77ca2-19b1-a043-3b70-324e36a09573,32,3265121,3504896,3505180,3268858,284,240059,239775,0,0,0
3505260,02aa1c76-d0e0-4655-a03e-9b5d0ea8d0ee,64,3264142,3503288,3505260,3268548,1972,241118,239146,0,0,0
3505509,cb28ac77-f855-ddab-ef33-268417a1f56e,64,3264148,3503569,3505509,3268737,1940,241361,239421,0,0,0
3506578,1e559419-10bc-94d3-b600-4df4e0de0676,32,3265297,3505509,3506578,3269411,1069,241281,240212,0,0,0
3506638,13483fb3-c982-a300-f95f-17e6d8eae31b,64,3265122,3505180,3506630,3269060,1450,241508,240058,0,0,0
3507662,0722ab3c-18c3-0aa9-a013-5044a041301d,32,3264142,3506578,3507662,3269526,1084,243520,242436,0,0,0
3507729,29d4056e-10f4-55e5-fdb3-e9a900252855,64,3263754,3505260,3507729,3269238,2469,243975,241506,0,0,0
3507968,250768f2-ba0e-bd56-2045-1dbd1835e89b,64,3264151,3506638,3507968,3269549,1330,243817,242487,0,0,0
3508521,c85b811b-10a5-b073-b180-4803d9025a2c,64,3265296,3507729,3508521,3269778,792,243225,242433,0,0,0
3508581,c31dfb91-397a-0433-db64-8ca71ea0dd2d,64,3264146,3507662,3508563,3269698,901,244417,243516,0,0,0
3509673,b44aad77-b20c-3a3f-fee8-acf10b3e2b6e,64,3265121,3507968,3509673,3269792,1705,244552,242847,0,0,0
3509865,2b1feecd-95c1-27e6-6d08-79b4776e3a29,64,3264145,3508521,3509865,3269958,1344,245720,244376,0,0,0
3510479,581848c5-27d1-9990-2049-a289056a3b28,64,3263891,3509673,3510479,3270015,806,246588,245782,0,0,0
3511510,62b45550-c024-2e61-bce4-570b245f8b4a,64,3265575,3508581,3511510,3270003,2929,245935,243006,0,0,0
3512565,192bb3bc-e843-8f65-aef0-244b2c19ee3d,32,3265571,3511510,3512565,3270094,1055,246994,245939,0,0,0
3513380,80b9ec30-ed94-898b-5b92-3c67129538df,32,3265122,3512565,3513380,3270187,815,248258,247443,0,0,0
3514618,80acefb5-79d0-5e2b-c024-9b51307c3f63,32,3263756,3513380,3514618,3270207,1238,250862,249624,0,0,0
3515843,19edcdbc-ec39-212e-a3d8-89fae5a456d8,64,3263750,3509865,3515843,3270093,5978,252093,246115,0,0,0
3516178,e3346bd8-14a1-c64b-edea-c5b89cc862cd,64,3265517,3510479,3516178,3270094,5699,250661,244962,0,0,0
3516318,f11afc00-132b-4f36-1940-4d24eced9c30,32,3265576,3514618,3516318,3270282,1700,250742,249042,0,0,0
3516947,05fef7bc-28f7-8d49-a2bc-491ec1cdc9a4,64,3265297,3516178,3516947,3270613,769,251650,250881,0,0,0
3517453,958c9cfd-a783-0a8f-415e-38051928aae5,64,3268355,3515843,3517453,3270384,1610,249098,247488,0,0,0
3518028,6f94da50-e3f7-13a7-0de9-2f1b7c0224e5,32,3265514,3516178,3518028,3270594,1850,252514,250664,0,0,0
3518088,681f9515-0d93-d08b-7842-cbc6a0011ba6,64,3264149,3517453,3518081,3270724,628,253932,253304,0,0,0
3518297,b23f4738-aff6-28bc-cd2b-f2063f931507,64,3264142,3516947,3518297,3270695,1350,254155,252805,0,0,0
3519368,ce339ee0-15b5-2510-abfb-9abfeb34e953,64,3264143,3518028,3519368,3270746,1340,255225,253885,0,0,0
3520761,8d938a78-634a-a1a4-2c23-9586195b2525,64,3265255,3518297,3520761,3270832,2464,255506,253042,0,0,0
3521094,987593c3-2523-52f6-f7a3-f6a6159b558b,64,3263751,3519368,3521094,3270861,1726,257343,255617,0,0,0
3521339,2f4cfefb-f798-28a2-cd9e-84ec90e9e294,64,3265600,3518088,3521339,3270806,3251,255739,252488,0,0,0
3521969,7c976337-ee66-8fd2-c33b-14ed216c0ed0,64,3265605,3521094,3521969,3270999,875,256364,255489,0,0,0
3522127,1afd943c-3c92-f1ab-cbac-c3c6bb8ec1cb,32,3264142,3520761,3522127,3270894,1366,257985,256619,0,0,0
3522538,a9325ae1-9c70-60da-48cd-29c5ac0e1f71,64,3265296,3521969,3522538,3271119,569,257242,256673,0,0,0
3524167,6f689d65-61ae-3f21-67f1-c18b61fe800a,32,3265519,3522538,3524167,3271373,1629,258648,257019,0,0,0
3524483,a1726883-d971-9e00-e4ad-5e9bfedd22d9,64,3264155,3522127,3524483,3271219,2356,260328,257972,0,0,0
3524799,50c49c2b-e8c4-51fc-9f8c-1c815ce9a3d3,64,3265509,3524167,3524799,3271438,632,259290,258658,0,0,0
3526353,2bf95861-4827-c440-f6d9-fe1731094211,32,3265519,3524483,3526353,3271450,1870,260834,258964,0,0,0
3526621,fdd99681-ef5e-eca5-8909-b0039136e530,64,3265570,3521339,3526621,3271101,5282,261051,255769,0,0,0
3528045,a928a5b2-9185-5abd-4e90-ae4a1fd28b9e,32,3265571,3526353,3528045,3271476,1692,262474,260782,0,0,0
3528737,01c7ea8b-267f-c6ec-147b-7a33acba60e2,64,3265572,3526621,3528737,3271492,2116,263165,261049,0,0,0
3529018,7062dff6-0591-67e1-c086-08612fa83aa4,64,3265249,3524799,3529018,3271472,4219,263769,259550,0,0,0
3529195,8188de48-719b-2dd6-17b4-e75be9d18ec2,64,3265297,3528045,3529195,3271498,1150,263898,262748,0,0,0
3529573,96b0356c-a49c-e87c-47c9-021ffdc6dba9,64,3265303,3529018,3529573,3271561,555,264270,263715,0,0,0
3529782,302dc72b-1366-4d76-c2fc-93d9b3ef29d7,64,3265611,3528737,3529782,3271523,1045,264171,263126,0,0,0
3530312,2c281bbd-f45d-bd91-989d-a530b01fb9f3,32,3264143,3529782,3530312,3271721,530,266169,265639,0,0,0
3531127,e4529643-2a67-8ce3-9c0f-37d575a239b1,64,3265609,3529573,3531127,3271720,1554,265518,263964,0,0,0
3532036,9c00cb52-97c4-0530-b546-5c933a9af0b6,64,3265519,3529195,3532036,3271580,2841,266517,263676,0,0,0
3532822,6cb96a2c-d68e-51f0-3b9d-58321f6d5768,64,3265310,3530312,3532822,3271762,2510,267512,265002,0,0,0
3534169,f9fc9c3f-3206-3388-5804-550b6c0c32f9,32,3264152,3532822,3534169,3271895,1347,270017,268670,0,0,0
3535162,527a9f7b-d007-cd41-f122-d458f521cf35,32,3265515,3534169,3535162,3271913,993,269647,268654,0,0,0
3535528,f44f5031-a82d-4879-87cc-4d1c7bf6b2ad,64,3265572,3532036,3535528,3271834,3492,269956,266464,0,0,0
3536346,27d3584c-fb99-ac3e-1383-883b118f1972,32,3264149,3535528,3536346,3271951,818,272197,271379,0,0,0
3537061,aabb6cac-48d7-5165-4c98-7a1b59afb1d1,64,3263750,3531127,3537061,3271819,5934,273311,267377,0,0,0
3537333,c17c2577-3de8-ca53-4e7a-7311f33a72c8,64,3263751,3536346,3537333,3271956,987,273582,272595,0,0,0
3539871,59bdfac9-0d99-3ab9-5fc0-ccce4ba08508,32,3264152,3537333,3539871,3272047,2538,275719,273181,0,0,0
3539931,7de1936b-d0fe-e4f1-2b1c-2d3dfcadb3fd,64,3265601,3537061,3539921,3271961,2860,274320,271460,0,0,0
3541426,c8cba592-b0ca-d2eb-0fe1-621ad6e1ba00,64,3263753,3535162,3541426,3271940,6264,277673,271409,0,0,0
3542384,3b23feed-b9a4-de2b-19e9-e3a418dcceb6,32,3265581,3541426,3542328,3272291,902,276747,275845,0,0,0
3542444,9174f53b-548b-4c63-fe87-a6bcf3e00dc5,64,3265254,3539931,3542396,3272234,2465,277142,274677,0,0,0
3543466,accc1507-42f8-8fc5-52bc-b64dc59498c5,32,3265300,3542444,3543466,3272364,1022,278166,277144,0,0,0
3544351,187de0c5-c39b-f6de-7043-77c39e9be9e2,64,2859773,3350816,3544351,3082648,193535,684578,491043,0,0,0
3545159,4c7f03bb-a376-0c2d-7b31-dcdc40d91a8e,32,3265576,3543466,3545159,3272369,1693,279583,277890,0,0,0
3545299,9f6f4967-be87-6c4f-a0af-9f67ea4a973e,64,3265515,3542384,3545299,3272305,2915,279784,276869,0,0,0
3545749,a2807710-32d5-ad87-21bd-1db7485873c1,64,3265599,3545159,3545749,3272388,590,280150,279560,0,0,0
3546373,7846e9c5-15a8-cb98-ab2d-96a005f4a2d0,64,3265525,3545299,3546373,3272411,1074,280848,279774,0,0,0
3546533,883d9b03-de04-d086-43a2-9acd4cb50736,64,3265686,3544351,3546533,3272385,2182,280847,278665,0,0,0
3547020,25fa9f8d-c00c-9ab9-6257-37cf18781ae5,64,3265793,3545749,3547020,3272647,1271,281227,279956,0,0,0
3548131,d5db677f-08bb-b29f-a277-279b2498a9f2,64,3265786,3539871,3548131,3272130,8260,282345,274085,0,0,0
3548663,c46268d6-b22d-2bfe-0ab3-5cb1653d6c17,64,3265522,3546373,3548663,3272666,2290,283141,280851,0,0,0
3548756,4269f091-eaed-eed7-f06f-bb0f49d9bf73,64,3200114,3476520,3548756,3247574,72236,348642,276406,0,0,0
3548930,c249f59a-9dc9-06df-056e-3d783b8c0f84,64,3264148,3546533,3548930,3272713,2397,284782,282385,0,0,0
3550194,e05f039c-d98e-b024-c813-20254dacd33c,64,3265605,3548663,3550194,3273060,1531,284589,283058,0,0,0
3551011,6c5b07b6-f127-f7bd-7862-32528c45b36c,64,3265793,3547020,3551011,3272951,3991,285218,281227,0,0,0
3551115,8d2bb00b-9c3e-7d79-e5a4-b1b446c524a5,64,3265605,3550194,3551115,3273117,921,285510,284589,0,0,0
3551388,1a93a3f1-8502-76c0-0abf-19038b435eca,64,3265575,3548756,3551388,3273069,2632,285813,283181,0,0,0
3552036,1c526dd1-fdfc-4a9d-3618-187c37e2dc86,64,3265604,3551011,3552036,3273145,1025,286432,285407,0,0,0
3552096,a566e884-d473-e687-76ad-1c332469d0c2,64,3265252,3548131,3552072,3273024,3941,286820,282879,0,0,0
3552156,7942000a-cf24-2413-d5b6-54383ecd0888,64,3200175,3493255,3552106,3260830,58851,351931,293080,0,0,0
3552933,25c37945-8063-fce4-c2e4-1a50d33650db,64,3264149,3551388,3552933,3273397,1545,288784,287239,0,0,0
3555046,6f2e92b9-d130-32db-e13a-14ca5911f42e,64,3265579,3552036,3555046,3273482,3010,289467,286457,0,0,0
3555650,baaa58f6-343f-75d0-6d2b-c99de7eca309,64,3265575,3552096,3555650,3273503,3554,290075,286521,0,0,0
3555872,d8bb254c-88e5-a13a-f62f-197d8da40d27,64,3265576,3555046,3555872,3273549,826,290296,289470,0,0,0
3555951,058b5ee1-a2dd-d15a-2570-66e86eaebb60,64,3265599,3552156,3555951,3273517,3795,290352,286557,0,0,0
3556437,93c09687-29e7-e176-a796-17c47520d99e,64,3265577,3551115,3556437,3273263,5322,290860,285538,0,0,0
3556839,849c30c6-dffa-28ae-c353-ac87ceb7138a,64,3265304,3552933,3556839,3273538,3906,291535,287629,0,0,0
3558321,140642a8-2f61-e334-3608-93b22febcc33,32,3265299,3556839,3558321,3273739,1482,293022,291540,0,0,0
3559232,9fbc879e-869c-3a8e-7d6a-b7c2a86d8706,32,3265520,3558321,3559232,3273779,911,293712,292801,0,0,0
3559292,47d0e6ee-c96c-2090-79e7-6f99f8f79639,64,3265516,3555872,3559257,3273605,3385,293741,290356,0,0,0
3559497,1e69d7ef-08b3-c111-3eb8-62c6676c269f,64,3265576,3556437,3559497,3273642,3060,293921,290861,0,0,0
3560082,42803aa0-55ac-0d06-be9d-a9517329af6e,64,3264152,3555951,3560082,3273620,4131,295930,291799,0,0,0
3561555,a5c5afe1-89fd-f534-e4f0-78a1c89d43e7,64,3265519,3559232,3561555,3273859,2323,296036,293713,0,0,0
3561615,e6b9f3a3-96a0-c726-a886-a9fc60beb85d,64,3265559,3555650,3561567,3273572,5917,296008,290091,0,0,0
3561953,7a438217-6e77-cdd3-59aa-7cd5a67c7bd7,64,3263973,3548930,3561953,3273093,13023,297980,284957,0,0,0
